Initial state:
1123
1123
4455
7667
7007

Cost of the solution: 2392

Number of states expanded: 6184

Solution:

0
1123
1123
4455
7667
7007

1
1123
1123
4455
7667
7070

2
1123
1123
4455
7660
7077

3
1123
1123
4455
7066
7077

4
1123
1123
4455
0766
7077

5
1123
1123
4455
7766
0077

6
1123
1123
4455
7766
0707

7
1123
1123
4455
7766
7007

8
1123
1123
4455
7766
7070

9
1123
1123
4455
7766
7700

10
1123
1123
4455
7700
7766

11
1123
1123
4455
7070
7766

12
1123
1123
4455
7770
7066

13
1123
1123
4455
7770
7660

14
1123
1123
4455
7707
7660

15
1123
1123
4455
7700
7667

16
1123
1123
4400
7755
7667

17
1120
1123
4403
7755
7667

18
1120
1123
0443
7755
7667

19
1120
1123
7443
0755
7667

20
1123
1123
7440
0755
7667

21
1123
1123
7044
0755
7667

22
1123
1123
7744
0055
7667

23
1123
1123
7744
0550
7667

24
1123
1123
7744
0557
7660

25
1123
1123
7744
0557
7066

26
1123
1123
7744
0557
0766

27
1123
1123
0744
7557
0766

28
1123
1123
0744
0557
7766

29
1123
1123
0744
5507
7766

30
1123
1123
0744
5570
7766

31
1123
1123
7044
5570
7766

32
1123
1123
7440
5570
7766

33
1123
1123
7440
5507
7766

34
1123
1123
7440
0557
7766

35
1123
1123
0440
7557
7766

36
1123
1123
4400
7557
7766

37
1103
1123
4420
7557
7766

38
1103
1123
4427
7550
7766

39
1103
1123
4427
7055
7766

40
1123
1123
4407
7055
7766

41
1123
1123
4470
7055
7766

42
1120
1123
4473
7055
7766

43
1120
1123
4473
7755
7066

44
1120
1123
4473
7755
0766

45
1123
1123
4470
7755
0766

46
1123
1123
4407
7755
0766

47
1123
1123
0447
7755
0766

48
1123
1123
7447
0755
0766

49
1123
1123
7447
7055
0766

50
1123
1123
7447
7755
0066

51
1123
1123
7447
7755
0660

52
1123
1123
7447
0755
7660

53
1123
1123
7447
7055
7660

54
1123
1123
7447
7550
7660

55
1123
1123
7447
7550
7066

56
1123
1123
7440
7557
7066

57
1120
1123
7443
7557
7066

58
1120
1123
7443
7557
7660

59
1120
1123
7443
7550
7667

60
1120
1120
7443
7553
7667

61
1102
1102
7443
7553
7667

62
0112
0112
7443
7553
7667

63
0112
7112
0443
7553
7667

64
0112
7112
7443
0553
7667

65
0112
7112
7443
7553
0667

66
0112
7112
7443
7553
6607

67
0112
7112
7443
7553
6670

68
0112
7112
7440
7553
6673

69
0110
7112
7442
7553
6673

70
7110
0112
7442
7553
6673

71
7110
7112
0442
7553
6673

72
7112
7112
0440
7553
6673

73
7112
7112
0443
7553
6670

74
7112
7112
0443
7553
6607

75
7112
7112
0443
7553
0667

76
7112
7112
7443
0553
0667

77
7112
7112
7443
5503
0667

78
7112
7112
7443
5503
6607

79
7112
7112
7443
5503
6670

80
7112
7112
7440
5503
6673

81
7110
7112
7442
5503
6673

82
7110
7112
7442
5573
6603

83
7110
7112
7442
5573
0663

84
7112
7112
7440
5573
0663

85
7112
7112
7443
5573
0660

86
7112
7112
7443
5573
0066

87
7112
7112
7443
0073
5566

88
7112
7112
7443
0703
5566

89
7112
7112
0443
7703
5566

90
7112
0112
7443
7703
5566

91
7112
0112
7443
7073
5566

92
7112
0112
7443
0773
5566

93
7112
0112
0443
7773
5566

94
0112
7112
0443
7773
5566

95
0112
0112
7443
7773
5566

96
1102
1102
7443
7773
5566

97
1120
1120
7443
7773
5566

98
1120
1123
7443
7770
5566

99
1120
1123
7443
7707
5566

100
1120
1123
7443
7077
5566

101
1120
1123
7443
0777
5566

102
1120
1123
0443
7777
5566

103
1120
1123
4403
7777
5566

104
1100
1123
4423
7777
5566

105
1103
1123
4420
7777
5566

106
1103
1123
4427
7770
5566

107
1123
1123
4407
7770
5566

108
1123
1123
4477
7700
5566

109
1123
1123
4477
7070
5566

110
1123
1123
4477
0770
5566

111
1123
1123
4470
0777
5566

112
1123
1123
4407
0777
5566

113
1123
1123
4407
7077
5566

114
1123
1123
0447
7077
5566

115
1123
1123
0447
7707
5566

116
1123
1123
7447
0707
5566

117
1123
1123
7447
0770
5566

118
1123
1123
7447
7070
5566

119
1123
1123
7447
7700
5566

120
1123
1123
7447
7766
5500

121
1123
1123
7447
7766
0550

122
1123
1123
7447
7766
0055

123
1123
1123
7447
7066
0755

124
1123
1123
7447
7660
0755

125
1123
1123
7440
7667
0755

126
1120
1123
7443
7667
0755

127
1120
1123
7443
0667
7755

128
1120
1123
0443
7667
7755

129
1123
1123
0440
7667
7755

130
1123
1123
0044
7667
7755

131
1123
1123
7044
0667
7755

132
1123
1123
0744
0667
7755

133
1123
1123
0744
7667
0755

134
1123
1123
7744
0667
0755

135
1123
1123
7744
6607
0755

136
1123
1123
7744
6670
0755

137
1123
1123
7744
6670
7055

138
1123
1123
7744
6670
7550

139
1123
1123
7744
6607
7550

140
1123
1123
7744
0667
7550

141
1123
1123
0744
7667
7550

142
1123
1123
7044
7667
7550

143
1123
1123
7440
7667
7550

144
1120
1123
7443
7667
7550

145
1120
1123
7443
7660
7557

146
1120
1120
7443
7663
7557

147
1102
1102
7443
7663
7557

148
0112
0112
7443
7663
7557

149
0112
7112
0443
7663
7557

150
7112
0112
0443
7663
7557

151
7112
0112
7443
0663
7557

152
7112
7112
0443
0663
7557

153
7112
7112
4403
0663
7557

154
7112
7112
4403
7663
0557

155
7112
7112
4403
7663
5507

156
7112
7112
0443
7663
5507

157
7112
0112
7443
7663
5507

158
0112
7112
7443
7663
5507

159
0112
7112
7443
7663
5570

160
0112
7112
7440
7663
5573

161
7112
0112
7440
7663
5573

162
7112
7112
0440
7663
5573

163
7112
7112
7440
0663
5573

164
7112
7112
7440
6603
5573

165
7112
7112
7440
6673
5503

166
7112
7112
7440
6673
0553

167
7112
7112
7443
6673
0550

168
7112
7112
7443
6673
0055

169
7112
7112
7443
0073
6655

170
7112
7112
0443
7073
6655

171
7112
7112
4403
7073
6655

172
7112
7112
4473
7003
6655

173
7112
7112
4473
0703
6655

174
7112
7112
4473
0073
6655

175
7112
7112
4473
6673
0055

176
7112
7112
4473
6673
0550

177
7112
7112
4470
6673
0553

178
7110
7112
4472
6673
0553

179
7110
7112
4472
6673
5503

180
7110
7112
4472
6603
5573

181
7112
7112
4470
6603
5573

182
7112
7112
4473
6603
5570

183
7112
7112
4473
6603
5507

184
7112
7112
4473
6603
0557

185
7112
7112
4403
6673
0557

186
7112
7112
0443
6673
0557

187
7112
7112
0443
6673
5507

188
7112
7112
0443
6603
5577

189
7112
7112
0443
0663
5577

190
7112
0112
7443
0663
5577

191
7112
0112
0443
7663
5577

192
0112
7112
0443
7663
5577

193
0112
0112
7443
7663
5577

194
1102
1102
7443
7663
5577

195
1120
1120
7443
7663
5577

196
1120
1123
7443
7660
5577

197
1120
1123
7443
7667
5570

198
1120
1123
7443
7667
5507

199
1120
1123
7443
7667
0557

200
1120
1123
7443
0667
7557

201
1120
1123
0443
7667
7557

202
1120
1123
4403
7667
7557

203
1100
1123
4423
7667
7557

204
1103
1123
4420
7667
7557

205
1103
1123
4427
7660
7557

206
1123
1123
4407
7660
7557

207
1123
1123
4470
7660
7557

208
1120
1123
4473
7660
7557

209
1120
1123
4473
7667
7550

210
1120
1123
4473
7667
7055

211
1123
1123
4470
7667
7055

212
1123
1123
4477
7660
7055

213
1123
1123
4477
7066
7055

214
1123
1123
4477
0766
7055

215
1123
1123
4477
0066
7755

216
1123
1123
0077
4466
7755

217
1123
1123
0707
4466
7755

218
1123
1123
7007
4466
7755

219
1123
1123
7070
4466
7755

220
1123
1123
7700
4466
7755

221
1123
1123
7766
4400
7755

222
1123
1123
7766
0440
7755

223
1123
1123
0766
7440
7755

224
1123
1123
7066
7440
7755

225
1123
1123
7660
7440
7755

226
1120
1123
7663
7440
7755

227
1120
1123
7663
7044
7755

228
1120
1123
7663
7744
7055

229
1123
1123
7660
7744
7055

230
1123
1123
7066
7744
7055

231
1123
1123
7766
7044
7055

232
1123
1123
7766
0744
7055

233
1123
1123
7766
7744
0055

234
1123
1123
7766
7744
0550

235
1123
1123
7766
7744
5500

236
1123
1123
7766
7700
5544

237
1123
1123
7766
7070
5544

238
1123
1123
7066
7770
5544

239
1123
1123
7660
7770
5544

240
1120
1123
7663
7770
5544

241
1120
1120
7663
7773
5544

242
1102
1102
7663
7773
5544

243
0112
0112
7663
7773
5544

244
0112
7112
0663
7773
5544

245
7112
0112
0663
7773
5544

246
7112
0112
7663
0773
5544

247
7112
7112
0663
0773
5544

248
7112
7112
6603
0773
5544

249
7112
7112
6673
0703
5544

250
7112
7112
6673
0073
5544

251
7112
7112
6673
5573
0044

252
7112
7112
6673
5573
0440

253
7112
7112
6670
5573
0443

254
7110
7112
6672
5573
0443

255
7110
7112
6672
5573
4403

256
7110
7112
6672
5503
4473

257
7112
7112
6670
5503
4473

258
7112
7112
6673
5503
4470

259
7112
7112
6673
5503
4407

260
7112
7112
6673
5503
0447

261
7112
7112
6603
5573
0447

262
7112
7112
0663
5573
0447

263
7112
7112
0663
5573
4407

264
7112
7112
0663
5503
4477

265
7112
7112
0663
0553
4477

266
7112
0112
7663
0553
4477

267
7112
0112
0663
7553
4477

268
0112
7112
0663
7553
4477

269
0112
0112
7663
7553
4477

270
1102
1102
7663
7553
4477

271
1120
1120
7663
7553
4477

272
1120
1123
7663
7550
4477

273
1120
1123
7663
7557
4470

274
1120
1123
7663
7557
4407

275
1120
1123
7663
7557
0447

276
1120
1123
7663
0557
7447

277
1120
1123
0663
7557
7447

278
1120
1123
6603
7557
7447

279
1100
1123
6623
7557
7447

280
1103
1123
6620
7557
7447

281
1103
1123
6627
7550
7447

282
1123
1123
6607
7550
7447

283
1123
1123
6670
7550
7447

284
1120
1123
6673
7550
7447

285
1120
1123
6673
7557
7440

286
1120
1123
6673
7557
7044

287
1123
1123
6670
7557
7044

288
1123
1123
6677
7550
7044

289
1123
1123
6677
7055
7044

290
1123
1123
6677
0755
7044

291
1123
1123
6677
7755
0044

292
1123
1123
6677
7755
0440

293
1123
1123
6677
7755
4400

294
1123
1123
6677
7700
4455

295
1123
1123
6607
7770
4455

296
1103
1123
6627
7770
4455

297
1103
1123
6620
7777
4455

298
1100
1123
6623
7777
4455

299
1120
1123
6603
7777
4455

300
1120
1123
6673
7707
4455

301
1120
1123
6673
7770
4455

302
1120
1120
6673
7773
4455

303
1102
1102
6673
7773
4455

304
1102
1172
6603
7773
4455

305
1102
1172
6673
7703
4455

306
1102
1172
6673
7073
4455

307
1102
1172
6673
0773
4455

308
1172
1102
6673
0773
4455

309
1172
1172
6603
0773
4455

310
1172
1172
6603
7073
4455

311
1172
1172
6603
7703
4455

312
1172
1172
0663
7703
4455

313
1172
1172
7663
0703
4455

314
1172
1172
7663
0073
4455

315
1172
1172
7663
4473
0055

316
1172
1172
7663
4473
0550

317
1172
1172
7660
4473
0553

318
1170
1172
7662
4473
0553

319
1107
1172
7662
4473
0553

320
1177
1102
7662
4473
0553

321
1177
1102
7662
4473
5503

322
1177
1102
7662
4403
5573

323
1107
1172
7662
4403
5573

324
1170
1172
7662
4403
5573

325
1172
1172
7660
4403
5573

326
1172
1172
7663
4403
5570

327
1172
1172
7663
4403
5507

328
1172
1172
7663
4403
0557

329
1172
1172
7663
0443
0557

330
1172
1172
0663
7443
0557

331
1172
1172
0663
0443
7557

332
1172
1172
0663
4403
7557

333
1172
1172
6603
4403
7557

334
1172
1102
6673
4403
7557

335
1172
1102
6603
4473
7557

336
1102
1172
6603
4473
7557

337
1102
1102
6673
4473
7557

338
1120
1120
6673
4473
7557

339
1120
1123
6673
4470
7557

340
1120
1123
6673
4477
7550

341
1120
1123
6673
4477
7055

342
1120
1123
6673
4477
0755

343
1123
1123
6670
4477
0755

344
1123
1123
6677
4470
0755

345
1123
1123
6677
4470
7055

346
1123
1123
6677
4470
7550

347
1123
1123
6677
4407
7550

348
1123
1123
6677
4400
7557

349
1123
1123
6670
4407
7557

350
1123
1123
6607
4407
7557

351
1103
1123
6627
4407
7557

352
1103
1123
6627
0447
7557

353
1103
1123
6627
7447
0557

354
1123
1123
6607
7447
0557

355
1123
1123
6670
7447
0557

356
1120
1123
6673
7447
0557

357
1120
1123
6673
7447
5507

358
1120
1123
6673
7447
5570

359
1123
1123
6670
7447
5570

360
1123
1123
6607
7447
5570

361
1103
1123
6627
7447
5570

362
1103
1123
6627
7440
5577

363
1103
1123
6620
7447
5577

364
1123
1123
6600
7447
5577

365
1123
1123
0660
7447
5577

366
1123
1123
7660
0447
5577

367
1123
1123
7660
4407
5577

368
1123
1123
7660
4477
5507

369
1123
1123
7660
4477
5570

370
1123
1123
7667
4470
5570

371
1123
1123
7667
4407
5570

372
1123
1123
7667
4407
5507

373
1123
1123
7667
4407
0557

374
1123
1123
7667
4470
0557

375
1123
1123
7667
4477
0550

376
1123
1123
7667
4477
0055

377
1123
1123
7667
0077
4455

378
1123
1123
0667
7077
4455

379
1123
1123
6607
7077
4455

380
1123
1123
6677
7007
4455

381
1123
1123
6677
0707
4455

382
1123
1123
6677
0077
4455

383
1123
1123
6677
4477
0055

384
1123
1123
6677
4477
0550

385
1123
1123
6677
4470
0557

386
1123
1123
6670
4477
0557

387
1120
1123
6673
4477
0557

388
1120
1123
6673
4477
5507

389
1120
1123
6673
4407
5577

390
1123
1123
6670
4407
5577

391
1123
1123
6677
4400
5577

392
1123
1123
6677
4407
5570

393
1123
1123
6677
4407
5507

394
1123
1123
6607
4477
5507

395
1103
1123
6627
4477
5507

396
1103
1123
6627
4407
5577

397
1103
1103
6627
4427
5577

398
1130
1130
6627
4427
5577

399
1130
1137
6620
4427
5577

400
1130
1137
6627
4420
5577

401
1130
1137
6627
4427
5570

402
1130
1137
6627
4427
5507

403
1130
1137
6607
4427
5527

404
1100
1137
6637
4427
5527

405
1107
1130
6637
4427
5527

406
1170
1130
6637
4427
5527

407
1170
1137
6630
4427
5527

408
1177
1130
6630
4427
5527

409
1177
1130
6637
4420
5527

410
1177
1137
6630
4420
5527

411
1177
1137
6630
4427
5520

412
1177
1137
6637
4420
5520

413
1177
1137
6637
4402
5502

414
1177
1107
6637
4432
5502

415
1107
1177
6637
4432
5502

416
1170
1177
6637
4432
5502

417
1170
1177
6607
4432
5532

418
1177
1170
6607
4432
5532

419
1177
1177
6600
4432
5532

420
1177
1177
6602
4432
5530

421
1177
1177
6632
4432
5500

422
1177
1177
6632
4432
0550

423
1177
1177
6632
4432
0055

424
1177
1177
6632
0032
4455

425
1177
1177
0032
6632
4455

426
0077
1177
1132
6632
4455

427
0707
1177
1132
6632
4455

428
0777
1107
1132
6632
4455

429
0777
1137
1132
6602
4455

430
0777
1137
1132
0662
4455

431
7077
1137
1132
0662
4455

432
7707
1137
1132
0662
4455

433
7707
1137
1132
6602
4455

434
7707
1107
1132
6632
4455

435
7707
1170
1132
6632
4455

436
7707
1172
1132
6630
4455

437
7777
1102
1132
6630
4455

438
7777
1132
1132
6600
4455

439
7777
1132
1132
6655
4400

440
7777
1132
1132
6655
0440

441
7777
1132
1132
6655
0044

442
7777
1132
1132
0055
6644

443
7777
1132
1132
0550
6644

444
7777
1130
1132
0552
6644

445
7770
1137
1132
0552
6644

446
7707
1137
1132
0552
6644

447
7077
1137
1132
0552
6644

448
0777
1137
1132
0552
6644

449
0777
1137
1132
5502
6644

450
0777
1107
1132
5532
6644

451
7077
1107
1132
5532
6644

452
7707
1107
1132
5532
6644

453
7770
1107
1132
5532
6644

454
7777
1100
1132
5532
6644

455
7777
1102
1132
5530
6644

456
7707
1172
1132
5530
6644

457
7770
1172
1132
5530
6644

458
7772
1172
1130
5530
6644

459
7772
1172
1103
5503
6644

460
7772
1172
1103
0553
6644

461
7772
1102
1173
0553
6644

462
7702
1172
1173
0553
6644

463
7702
1172
1173
5503
6644

464
7702
1172
1103
5573
6644

465
7702
1102
1173
5573
6644

466
7072
1102
1173
5573
6644

467
7002
1172
1173
5573
6644

468
0702
1172
1173
5573
6644

469
0072
1172
1173
5573
6644

470
1172
1172
0073
5573
6644

471
1172
1172
0703
5573
6644

472
1172
1102
0773
5573
6644

473
1102
1172
0773
5573
6644

474
1102
1172
7073
5573
6644

475
1102
1172
7703
5573
6644

476
1172
1102
7703
5573
6644

477
1172
1102
7773
5503
6644

478
1172
1172
7703
5503
6644

479
1172
1172
7073
5503
6644

480
1172
1172
7073
0553
6644

481
1172
1172
0073
7553
6644

482
1172
1172
0703
7553
6644

483
1172
1102
0773
7553
6644

484
1102
1172
0773
7553
6644

485
1102
1172
7073
7553
6644

486
1102
1172
7703
7553
6644

487
1102
1102
7773
7553
6644

488
0112
0112
7773
7553
6644

489
0112
7112
0773
7553
6644

490
7112
0112
0773
7553
6644

491
7112
0112
7773
0553
6644

492
7112
7112
0773
0553
6644

493
7112
7112
7073
0553
6644

494
7112
7112
7703
0553
6644

495
7112
7112
0703
7553
6644

496
7112
7112
7003
7553
6644

497
7112
7112
7553
7003
6644

498
7112
7112
7553
0703
6644

499
7112
7112
7553
0073
6644

500
7112
7112
7553
6673
0044

501
7112
7112
7553
6673
0440

502
7112
7112
7550
6673
0443

503
7110
7112
7552
6673
0443

504
7110
7112
7552
6673
4403

505
7110
7112
7552
6603
4473

506
7112
7112
7550
6603
4473

507
7112
7112
7553
6603
4470

508
7112
7112
7553
6603
4407

509
7112
7112
7553
6603
0447

510
7112
7112
7553
0663
0447

511
7112
7112
0553
7663
0447

512
7112
7112
0553
0663
7447

513
7112
7112
0553
6603
7447

514
7112
0112
7553
6603
7447

515
0112
7112
7553
6603
7447

516
0112
7112
7553
0663
7447

517
0112
7112
0553
7663
7447

518
0112
0112
7553
7663
7447

519
1102
1102
7553
7663
7447

520
1120
1120
7553
7663
7447

521
1120
1123
7553
7660
7447

522
1120
1123
7553
7667
7440

523
1120
1123
7553
7667
7044

524
1120
1123
7553
7667
0744

525
1120
1123
7553
0667
7744

526
1120
1123
0553
7667
7744

527
1120
1123
5503
7667
7744

528
1100
1123
5523
7667
7744

529
1103
1123
5520
7667
7744

530
1103
1123
5527
7660
7744

531
1123
1123
5507
7660
7744

532
1123
1123
5570
7660
7744

533
1120
1123
5573
7660
7744

534
1120
1123
5573
7066
7744

535
1120
1123
5573
7766
7044

536
1123
1123
5570
7766
7044

537
1123
1123
5507
7766
7044

538
1103
1123
5527
7766
7044

539
1103
1123
5527
7766
0744

540
1103
1123
5527
0766
7744

541
1123
1123
5507
0766
7744

542
1123
1123
0557
0766
7744

543
1123
1123
0557
7766
0744

544
1123
1123
7557
0766
0744

545
1123
1123
7557
7066
0744

546
1123
1123
7557
7766
0044

547
1123
1123
7557
7766
0440

548
1123
1123
7557
7766
4400

549
1123
1123
7557
7700
4466

550
1123
1123
7550
7707
4466

551
1120
1123
7553
7707
4466

552
1120
1123
7553
7077
4466

553
1120
1123
7553
0777
4466

554
1123
1123
7550
0777
4466

555
1123
1123
7557
0770
4466

556
1123
1123
7557
0707
4466

557
1123
1123
7557
0077
4466

558
1123
1123
7557
4477
0066

559
1123
1123
7557
4477
0660

560
1123
1123
7557
4470
0667

561
1123
1123
7550
4477
0667

562
1120
1123
7553
4477
0667

563
1120
1123
7553
4477
6607

564
1120
1123
7553
4407
6677

565
1123
1123
7550
4407
6677

566
1123
1123
7557
4400
6677

567
1123
1123
7557
4407
6670

568
1123
1123
7557
4407
6607

569
1123
1123
7557
0447
6607

570
1123
1123
7557
0447
0667

571
1123
1123
0557
7447
0667

572
1123
1123
0557
0447
7667

573
1123
1123
0557
4407
7667

574
1123
1123
0557
4470
7667

575
1123
1123
0550
4477
7667

576
1120
1123
0553
4477
7667

577
1120
1123
5503
4477
7667

578
1120
1123
5573
4407
7667

579
1123
1123
5570
4407
7667

580
1123
1123
5577
4400
7667

581
1123
1123
5577
4407
7660

582
1123
1123
5577
4407
7066

583
1123
1123
5577
4407
0766

584
1123
1123
5507
4477
0766

585
1103
1123
5527
4477
0766

586
1103
1123
5527
4477
7066

587
1103
1123
5527
4477
7660

588
1103
1123
5527
4470
7667

589
1103
1123
5527
4407
7667

590
1103
1103
5527
4427
7667

591
1130
1130
5527
4427
7667

592
1130
1137
5520
4427
7667

593
1130
1137
5527
4420
7667

594
1130
1137
5527
4427
7660

595
1130
1137
5527
4427
7066

596
1130
1137
5527
4427
0766

597
1137
1130
5527
4427
0766

598
1137
1137
5520
4427
0766

599
1137
1137
5520
4427
7066

600
1137
1137
5520
4427
7660

601
1137
1137
5520
4420
7667

602
1137
1137
5502
4402
7667

603
1137
1137
5502
0442
7667

604
1137
1137
5502
7442
0667

605
1137
1137
5502
7442
6607

606
1137
1137
5502
7442
6670

607
1137
1137
5500
7442
6672

608
1137
1130
5507
7442
6672

609
1130
1137
5507
7442
6672

610
1130
1137
0557
7442
6672

611
1130
1137
7557
0442
6672

612
1137
1130
7557
0442
6672

613
1137
1137
7550
0442
6672

614
1137
1137
7552
0442
6670

615
1137
1137
7552
4402
6670

616
1137
1137
7552
4472
6600

617
1137
1137
7552
4472
0660

618
1137
1137
7552
4472
0066

619
1137
1137
7552
0072
4466

620
1137
1137
7552
0702
4466

621
1137
1137
0552
7702
4466

622
1137
1137
5502
7702
4466

623
1137
1137
5502
7072
4466

624
1137
1137
5502
0772
4466

625
1137
1137
5572
0702
4466

626
1137
1137
5572
0072
4466

627
1137
1137
5572
4472
0066

628
1137
1137
5572
4472
0660

629
1137
1137
5572
4472
6600

630
1137
1137
5572
4402
6670

631
1137
1137
5502
4472
6670

632
1107
1137
5532
4472
6670

633
1170
1137
5532
4472
6670

634
1177
1130
5532
4472
6670

635
1177
1132
5532
4470
6670

636
1177
1132
5532
4407
6670

637
1177
1102
5532
4437
6670

638
1107
1172
5532
4437
6670

639
1170
1172
5532
4437
6670

640
1172
1172
5530
4437
6670

641
1172
1172
5537
4430
6670

642
1172
1172
5537
4430
6607

643
1172
1172
5537
4437
6600

644
1172
1172
5507
4437
6630

645
1172
1102
5577
4437
6630

646
1172
1102
5577
4430
6637

647
1172
1102
5570
4437
6637

648
1172
1102
5507
4437
6637

649
1172
1102
5537
4437
6607

650
1172
1102
5537
4437
6670

651
1172
1102
5537
4430
6677

652
1172
1102
5530
4437
6677

653
1170
1102
5532
4437
6677

654
1107
1102
5532
4437
6677

655
1107
1132
5532
4407
6677

656
1137
1132
5502
4407
6677

657
1137
1132
0552
4407
6677

658
1137
1132
0552
4477
6607

659
1137
1132
0552
4477
0667

660
1137
1132
5502
4477
0667

661
1107
1132
5532
4477
0667

662
1170
1132
5532
4477
0667

663
1172
1132
5530
4477
0667

664
1172
1132
5537
4470
0667

665
1172
1132
5537
4477
0660

666
1172
1132
5537
4477
0066

667
1172
1132
5537
0077
4466

668
1172
1132
5537
0707
4466

669
1172
1132
5537
0770
4466

670
1172
1132
5530
0777
4466

671
1170
1132
5532
0777
4466

672
1107
1132
5532
0777
4466

673
1137
1132
5502
0777
4466

674
1137
1132
5572
0707
4466

675
1137
1132
5572
0770
4466

676
1137
1130
5572
0772
4466

677
1130
1137
5572
0772
4466

678
1130
1137
5572
7072
4466

679
1130
1137
5572
7702
4466

680
1137
1130
5572
7702
4466

681
1137
1132
5572
7700
4466

682
1137
1132
5572
7766
4400

683
1137
1132
5572
7766
0440

684
1137
1132
5572
7766
0044

685
1137
1132
5572
7066
0744

686
1137
1132
5572
7660
0744

687
1137
1130
5572
7662
0744

688
1130
1137
5572
7662
0744

689
1130
1137
5572
0662
7744

690
1130
1137
5572
6602
7744

691
1137
1130
5572
6602
7744

692
1137
1132
5572
6600
7744

693
1137
1132
5572
6644
7700

694
1137
1132
5572
6644
7070

695
1137
1132
5572
6644
7007

696
1137
1132
5572
6644
0707

697
1137
1132
5572
6644
0077

698
1137
1132
5572
0044
6677

699
1137
1132
5572
0440
6677

700
1137
1130
5572
0442
6677

701
1130
1137
5572
0442
6677

702
1130
1137
5572
4402
6677

703
1130
1137
5572
4472
6607

704
1137
1130
5572
4472
6607

705
1137
1130
5572
4472
6670

706
1137
1130
5570
4472
6672

707
1130
1137
5570
4472
6672

708
1130
1130
5577
4472
6672

709
1103
1103
5577
4472
6672

710
1103
1173
5507
4472
6672

711
1173
1103
5507
4472
6672

712
1173
1103
5577
4402
6672

713
1173
1173
5507
4402
6672

714
1173
1173
5570
4402
6672

715
1170
1173
5573
4402
6672

716
1107
1173
5573
4402
6672

717
1177
1103
5573
4402
6672

718
1177
1173
5503
4402
6672

719
1177
1173
0553
4402
6672

720
1177
1173
0553
4472
6602

721
1177
1173
0553
4472
0662

722
1177
1173
5503
4472
0662

723
1177
1103
5573
4472
0662

724
1107
1173
5573
4472
0662

725
1170
1173
5573
4472
0662

726
1173
1173
5570
4472
0662

727
1173
1173
5572
4472
0660

728
1173
1173
5572
4472
0066

729
1173
1173
5572
0072
4466

730
1173
1173
5572
0702
4466

731
1173
1173
5502
0772
4466

732
1173
1103
5572
0772
4466

733
1103
1173
5572
0772
4466

734
1103
1173
5572
7072
4466

735
1103
1173
5572
7702
4466

736
1173
1103
5572
7702
4466

737
1173
1173
5502
7702
4466

738
1173
1173
0552
7702
4466

739
1173
1173
7552
0702
4466

740
1173
1173
7552
7002
4466

741
1173
1173
7002
7552
4466

742
1173
1173
0702
7552
4466

743
1173
1173
7702
0552
4466

744
1173
1173
7702
5502
4466

745
1173
1103
7772
5502
4466

746
1173
1103
7702
5572
4466

747
1103
1173
7702
5572
4466

748
1103
1103
7772
5572
4466

749
0113
0113
7772
5572
4466

750
0113
7113
0772
5572
4466

751
0113
7113
7072
5572
4466

752
0113
7113
7702
5572
4466

753
0113
7113
7772
5502
4466

754
0113
7113
7772
0552
4466

755
0113
7113
0772
7552
4466

756
0113
0113
7772
7552
4466

757
1103
1103
7772
7552
4466

758
1130
1130
7772
7552
4466

759
1130
1132
7772
7550
4466

760
1130
1132
7772
7055
4466

761
1130
1132
7072
7755
4466

762
1130
1132
7702
7755
4466

763
1132
1132
7700
7755
4466

764
1132
1132
7755
7700
4466

765
1132
1132
7755
7070
4466

766
1132
1132
7055
7770
4466

767
1132
1132
7550
7770
4466

768
1130
1132
7552
7770
4466

769
1130
1130
7552
7772
4466

770
1103
1103
7552
7772
4466

771
0113
0113
7552
7772
4466

772
0113
7113
0552
7772
4466

773
7113
0113
0552
7772
4466

774
7113
0113
7552
0772
4466

775
7113
7113
0552
0772
4466

776
7113
7113
5502
0772
4466

777
7113
7113
5572
0702
4466

778
7113
7113
5572
0072
4466

779
7113
7113
5572
4472
0066

780
7113
7113
5572
4472
0660

781
7113
7113
5570
4472
0662

782
7110
7113
5573
4472
0662

783
7110
7113
5573
4472
6602

784
7110
7113
5573
4402
6672

785
7113
7113
5570
4402
6672

786
7113
7113
5572
4402
6670

787
7113
7113
5572
4402
6607

788
7113
7113
5572
4402
0667

789
7113
7113
5502
4472
0667

790
7113
7113
0552
4472
0667

791
7113
7113
0552
4472
6607

792
7113
7113
0552
4402
6677

793
7113
7113
0552
0442
6677

794
7113
0113
7552
0442
6677

795
7113
0113
0552
7442
6677

796
0113
7113
0552
7442
6677

797
0113
0113
7552
7442
6677

798
1103
1103
7552
7442
6677

799
1130
1130
7552
7442
6677

800
1130
1132
7552
7440
6677

801
1130
1132
7552
7447
6670

802
1130
1132
7552
7447
6607

803
1130
1132
7552
7447
0667

804
1130
1132
7552
0447
7667

805
1130
1132
0552
7447
7667

806
1130
1132
5502
7447
7667

807
1100
1132
5532
7447
7667

808
1102
1132
5530
7447
7667

809
1102
1132
5537
7440
7667

810
1132
1132
5507
7440
7667

811
1132
1132
5570
7440
7667

812
1130
1132
5572
7440
7667

813
1130
1132
5572
7447
7660

814
1130
1132
5572
7447
7066

815
1132
1132
5570
7447
7066

816
1132
1132
5577
7440
7066

817
1132
1132
5577
7044
7066

818
1132
1132
5577
0744
7066

819
1132
1132
5577
7744
0066

820
1132
1132
5577
7744
0660

821
1132
1132
5577
7744
6600

822
1132
1132
5577
7700
6644

823
1132
1132
5507
7770
6644

824
1102
1132
5537
7770
6644

825
1102
1132
5530
7777
6644

826
1100
1132
5532
7777
6644

827
1130
1132
5502
7777
6644

828
1130
1132
5572
7707
6644

829
1130
1132
5572
7770
6644

830
1130
1130
5572
7772
6644

831
1103
1103
5572
7772
6644

832
1103
1173
5502
7772
6644

833
1103
1173
5572
7702
6644

834
1103
1173
5572
7072
6644

835
1103
1173
5572
0772
6644

836
1173
1103
5572
0772
6644

837
1173
1173
5502
0772
6644

838
1173
1173
5502
7072
6644

839
1173
1173
5502
7702
6644

840
1173
1173
0552
7702
6644

841
1173
1173
7552
0702
6644

842
1173
1173
7552
0072
6644

843
1173
1173
7552
6672
0044

844
1173
1173
7552
6672
0440

845
1173
1173
7550
6672
0442

846
1170
1173
7553
6672
0442

847
1107
1173
7553
6672
0442

848
1177
1103
7553
6672
0442

849
1177
1103
7553
6672
4402

850
1177
1103
7553
6602
4472

851
1107
1173
7553
6602
4472

852
1170
1173
7553
6602
4472

853
1173
1173
7550
6602
4472

854
1173
1173
7552
6602
4470

855
1173
1173
7552
6602
4407

856
1173
1173
7552
6602
0447

857
1173
1173
7552
0662
0447

858
1173
1173
0552
7662
0447

859
1173
1173
0552
0662
7447

860
1173
1173
0552
6602
7447

861
1173
1173
5502
6602
7447

862
1173
1103
5572
6602
7447

863
1173
1103
5502
6672
7447

864
1103
1173
5502
6672
7447

865
1103
1103
5572
6672
7447

866
1130
1130
5572
6672
7447

867
1130
1132
5572
6670
7447

868
1130
1132
5572
6677
7440

869
1130
1132
5572
6677
7044

870
1130
1132
5572
6677
0744

871
1132
1132
5570
6677
0744

872
1132
1132
5577
6670
0744

873
1132
1132
5577
6670
7044

874
1132
1132
5577
6670
7440

875
1132
1132
5577
6607
7440

876
1132
1132
5577
6600
7447

877
1132
1132
5570
6607
7447

878
1132
1132
5507
6607
7447

879
1102
1132
5537
6607
7447

880
1102
1132
5537
0667
7447

881
1102
1132
5537
7667
0447

882
1132
1132
5507
7667
0447

883
1132
1132
5570
7667
0447

884
1130
1132
5572
7667
0447

885
1130
1132
5572
7667
4407

886
1130
1132
5572
7667
4470

887
1132
1132
5570
7667
4470

888
1132
1132
5577
7660
4470

889
1132
1132
5577
7066
4470

890
1132
1132
5577
0766
4470

891
1132
1132
5577
0766
4407

892
1132
1132
5577
0766
0447

893
1132
1132
5577
7066
0447

894
1132
1132
5577
0066
7447

895
1132
1132
0077
5566
7447

896
1132
1132
0707
5566
7447

897
1132
1132
0770
5566
7447

898
1130
1132
0772
5566
7447

899
1130
1132
7072
5566
7447

900
1130
1132
7702
5566
7447

901
1132
1132
7700
5566
7447

902
1132
1132
7766
5500
7447

903
1132
1132
7766
5507
7440

904
1132
1132
7766
5507
7044

905
1132
1132
7766
5507
0744

906
1132
1132
7766
0557
0744

907
1132
1132
0766
7557
0744

908
1132
1132
0766
0557
7744

909
1132
1132
0766
5507
7744

910
1132
1132
0766
5570
7744

911
1132
1132
7066
5570
7744

912
1132
1132
7660
5570
7744

913
1132
1132
7660
5507
7744

914
1132
1132
7660
0557
7744

915
1132
1132
0660
7557
7744

916
1132
1132
6600
7557
7744

917
1102
1132
6630
7557
7744

918
1102
1132
6637
7550
7744

919
1102
1132
6637
7055
7744

920
1132
1132
6607
7055
7744

921
1132
1132
6670
7055
7744

922
1130
1132
6672
7055
7744

923
1130
1132
6672
7755
7044

924
1130
1132
6672
7755
0744

925
1132
1132
6670
7755
0744

926
1132
1132
6607
7755
0744

927
1132
1132
0667
7755
0744

928
1132
1132
7667
0755
0744

929
1132
1132
7667
7055
0744

930
1132
1132
7667
7755
0044

931
1132
1132
7667
7755
0440

932
1132
1132
7667
0755
7440

933
1132
1132
7667
7055
7440

934
1132
1132
7667
7550
7440

935
1132
1132
7667
7550
7044

936
1132
1132
7660
7557
7044

937
1130
1132
7662
7557
7044

938
1130
1132
7662
7557
7440

939
1130
1132
7662
7550
7447

940
1130
1130
7662
7552
7447

941
1103
1103
7662
7552
7447

942
0113
0113
7662
7552
7447

943
0113
7113
0662
7552
7447

944
0113
7113
7662
0552
7447

945
0113
7113
7662
7552
0447

946
0113
7113
7662
7552
4407

947
0113
7113
7662
7552
4470

948
0113
7113
7660
7552
4472

949
0110
7113
7663
7552
4472

950
7110
0113
7663
7552
4472

951
7110
7113
0663
7552
4472

952
7113
7113
0660
7552
4472

953
7113
7113
0662
7552
4470

954
7113
7113
0662
7552
4407

955
7113
7113
0662
7552
0447

956
7113
7113
7662
0552
0447

957
7113
7113
7662
5502
0447

958
7113
7113
7662
5502
4407

959
7113
7113
7662
5502
4470

960
7113
7113
7660
5502
4472

961
7110
7113
7663
5502
4472

962
7110
7113
7663
5572
4402

963
7110
7113
7663
5572
0442

964
7113
7113
7660
5572
0442

965
7113
7113
7662
5572
0440

966
7113
7113
7662
5572
0044

967
7113
7113
7662
0072
5544

968
7113
7113
7662
0702
5544

969
7113
7113
0662
7702
5544

970
7113
0113
7662
7702
5544

971
7113
0113
7662
7072
5544

972
7113
0113
7662
0772
5544

973
7113
0113
0662
7772
5544

974
0113
7113
0662
7772
5544

975
0113
0113
7662
7772
5544

976
1103
1103
7662
7772
5544

977
1130
1130
7662
7772
5544

978
1130
1132
7662
7770
5544

979
1130
1132
7662
7707
5544

980
1130
1132
7662
7077
5544

981
1130
1132
7662
0777
5544

982
1130
1132
0662
7777
5544

983
1130
1132
6602
7777
5544

984
1100
1132
6632
7777
5544

985
1102
1132
6630
7777
5544

986
1102
1132
6637
7770
5544

987
1132
1132
6607
7770
5544

988
1132
1132
6677
7700
5544

989
1132
1132
6677
7070
5544

990
1132
1132
6677
0770
5544

991
1132
1132
6670
0777
5544

992
1132
1132
6607
0777
5544

993
1132
1132
6607
7077
5544

994
1132
1132
0667
7077
5544

995
1132
1132
0667
7707
5544

996
1132
1132
7667
0707
5544

997
1132
1132
7667
0770
5544

998
1132
1132
7667
7070
5544

999
1132
1132
7667
7700
5544

1000
1132
1132
7667
7744
5500

1001
1132
1132
7667
7744
0550

1002
1132
1132
7667
7744
0055

1003
1132
1132
7667
7044
0755

1004
1132
1132
7667
7440
0755

1005
1132
1132
7660
7447
0755

1006
1130
1132
7662
7447
0755

1007
1130
1132
7662
0447
7755

1008
1130
1132
0662
7447
7755

1009
1132
1132
0660
7447
7755

1010
1132
1132
0066
7447
7755

1011
1132
1132
7066
0447
7755

1012
1132
1132
0766
0447
7755

1013
1132
1132
0766
7447
0755

1014
1132
1132
7766
0447
0755

1015
1132
1132
7766
4407
0755

1016
1132
1132
7766
4470
0755

1017
1132
1132
7766
4470
7055

1018
1132
1132
7766
4470
7550

1019
1132
1132
7766
4407
7550

1020
1132
1132
7766
0447
7550

1021
1132
1132
0766
7447
7550

1022
1132
1132
7066
7447
7550

1023
1132
1132
7660
7447
7550

1024
1130
1132
7662
7447
7550

1025
1130
1132
7662
7440
7557

1026
1130
1130
7662
7442
7557

1027
1103
1103
7662
7442
7557

1028
0113
0113
7662
7442
7557

1029
0113
7113
0662
7442
7557

1030
7113
0113
0662
7442
7557

1031
7113
0113
7662
0442
7557

1032
7113
7113
0662
0442
7557

1033
7113
7113
6602
0442
7557

1034
7113
7113
6602
7442
0557

1035
7113
7113
6602
7442
5507

1036
7113
7113
0662
7442
5507

1037
7113
0113
7662
7442
5507

1038
0113
7113
7662
7442
5507

1039
0113
7113
7662
7442
5570

1040
0113
7113
7660
7442
5572

1041
7113
0113
7660
7442
5572

1042
7113
7113
0660
7442
5572

1043
7113
7113
7660
0442
5572

1044
7113
7113
7660
4402
5572

1045
7113
7113
7660
4472
5502

1046
7113
7113
7660
4472
0552

1047
7113
7113
7662
4472
0550

1048
7113
7113
7662
4472
0055

1049
7113
7113
7662
0072
4455

1050
7113
7113
0662
7072
4455

1051
7113
7113
6602
7072
4455

1052
7113
7113
6672
7002
4455

1053
7113
7113
6672
0702
4455

1054
7113
7113
6672
0072
4455

1055
7113
7113
6672
4472
0055

1056
7113
7113
6672
4472
0550

1057
7113
7113
6670
4472
0552

1058
7110
7113
6673
4472
0552

1059
7110
7113
6673
4472
5502

1060
7110
7113
6673
4402
5572

1061
7113
7113
6670
4402
5572

1062
7113
7113
6672
4402
5570

1063
7113
7113
6672
4402
5507

1064
7113
7113
6672
4402
0557

1065
7113
7113
6602
4472
0557

1066
7113
7113
0662
4472
0557

1067
7113
7113
0662
4472
5507

1068
7113
7113
0662
4402
5577

1069
7113
7113
0662
0442
5577

1070
7113
0113
7662
0442
5577

1071
7113
0113
0662
7442
5577

1072
0113
7113
0662
7442
5577

1073
0113
0113
7662
7442
5577

1074
1103
1103
7662
7442
5577

1075
1130
1130
7662
7442
5577

1076
1130
1132
7662
7440
5577

1077
1130
1132
7662
7447
5570

1078
1130
1132
7662
7447
5507

1079
1130
1132
7662
7447
0557

1080
1130
1132
7662
0447
7557

1081
1130
1132
0662
7447
7557

1082
1130
1132
6602
7447
7557

1083
1100
1132
6632
7447
7557

1084
1102
1132
6630
7447
7557

1085
1102
1132
6637
7440
7557

1086
1132
1132
6607
7440
7557

1087
1132
1132
6670
7440
7557

1088
1130
1132
6672
7440
7557

1089
1130
1132
6672
7447
7550

1090
1130
1132
6672
7447
7055

1091
1132
1132
6670
7447
7055

1092
1132
1132
6677
7440
7055

1093
1132
1132
6677
7044
7055

1094
1132
1132
6677
0744
7055

1095
1132
1132
6677
0044
7755

1096
1132
1132
0077
6644
7755

1097
1132
1132
0707
6644
7755

1098
1132
1132
7007
6644
7755

1099
1132
1132
7070
6644
7755

1100
1132
1132
7700
6644
7755

1101
1132
1132
7744
6600
7755

1102
1132
1132
7744
0660
7755

1103
1132
1132
0744
7660
7755

1104
1132
1132
7044
7660
7755

1105
1132
1132
7440
7660
7755

1106
1130
1132
7442
7660
7755

1107
1130
1132
7442
7066
7755

1108
1130
1132
7442
7766
7055

1109
1132
1132
7440
7766
7055

1110
1132
1132
7044
7766
7055

1111
1132
1132
7744
7066
7055

1112
1132
1132
7744
0766
7055

1113
1132
1132
7744
7766
0055

1114
1132
1132
7744
7766
0550

1115
1132
1132
7744
7766
5500

1116
1132
1132
7744
7700
5566

1117
1132
1132
7744
7070
5566

1118
1132
1132
7044
7770
5566

1119
1132
1132
7440
7770
5566

1120
1130
1132
7442
7770
5566

1121
1130
1130
7442
7772
5566

1122
1103
1103
7442
7772
5566

1123
0113
0113
7442
7772
5566

1124
0113
7113
0442
7772
5566

1125
7113
0113
0442
7772
5566

1126
7113
0113
7442
0772
5566

1127
7113
7113
0442
0772
5566

1128
7113
7113
4402
0772
5566

1129
7113
7113
4472
0702
5566

1130
7113
7113
4472
0072
5566

1131
7113
7113
4472
5572
0066

1132
7113
7113
4472
5572
0660

1133
7113
7113
4470
5572
0662

1134
7110
7113
4473
5572
0662

1135
7110
7113
4473
5572
6602

1136
7110
7113
4473
5502
6672

1137
7113
7113
4470
5502
6672

1138
7113
7113
4472
5502
6670

1139
7113
7113
4472
5502
6607

1140
7113
7113
4472
5502
0667

1141
7113
7113
4402
5572
0667

1142
7113
7113
0442
5572
0667

1143
7113
7113
0442
5572
6607

1144
7113
7113
0442
5502
6677

1145
7113
7113
0442
0552
6677

1146
7113
0113
7442
0552
6677

1147
7113
0113
0442
7552
6677

1148
0113
7113
0442
7552
6677

1149
0113
0113
7442
7552
6677

1150
1103
1103
7442
7552
6677

1151
1130
1130
7442
7552
6677

1152
1130
1132
7442
7550
6677

1153
1130
1132
7442
7557
6670

1154
1130
1132
7442
7557
6607

1155
1130
1132
7442
7557
0667

1156
1130
1132
7442
0557
7667

1157
1130
1132
0442
7557
7667

1158
1130
1132
4402
7557
7667

1159
1100
1132
4432
7557
7667

1160
1102
1132
4430
7557
7667

1161
1102
1132
4437
7550
7667

1162
1132
1132
4407
7550
7667

1163
1132
1132
4470
7550
7667

1164
1130
1132
4472
7550
7667

1165
1130
1132
4472
7557
7660

1166
1130
1132
4472
7557
7066

1167
1132
1132
4470
7557
7066

1168
1132
1132
4477
7550
7066

1169
1132
1132
4477
7055
7066

1170
1132
1132
4477
0755
7066

1171
1132
1132
4477
7755
0066

1172
1132
1132
4477
7755
0660

1173
1132
1132
4477
7755
6600

1174
1132
1132
4477
7700
6655

1175
1132
1132
4407
7770
6655

1176
1102
1132
4437
7770
6655

1177
1102
1132
4430
7777
6655

1178
1100
1132
4432
7777
6655

1179
1130
1132
4402
7777
6655

1180
1130
1132
4472
7707
6655

1181
1130
1132
4472
7770
6655

1182
1130
1130
4472
7772
6655

1183
1103
1103
4472
7772
6655

1184
1103
1173
4402
7772
6655

1185
1103
1173
4472
7702
6655

1186
1103
1173
4472
7072
6655

1187
1103
1173
4472
0772
6655

1188
1173
1103
4472
0772
6655

1189
1173
1173
4402
0772
6655

1190
1173
1173
4402
7072
6655

1191
1173
1173
4402
7702
6655

1192
1173
1173
0442
7702
6655

1193
1173
1173
7442
0702
6655

1194
1173
1173
7442
0072
6655

1195
1173
1173
7442
6672
0055

1196
1173
1173
7442
6672
0550

1197
1173
1173
7440
6672
0552

1198
1170
1173
7443
6672
0552

1199
1107
1173
7443
6672
0552

1200
1177
1103
7443
6672
0552

1201
1177
1103
7443
6672
5502

1202
1177
1103
7443
6602
5572

1203
1107
1173
7443
6602
5572

1204
1170
1173
7443
6602
5572

1205
1173
1173
7440
6602
5572

1206
1173
1173
7442
6602
5570

1207
1173
1173
7442
6602
5507

1208
1173
1173
7442
6602
0557

1209
1173
1173
7442
0662
0557

1210
1173
1173
0442
7662
0557

1211
1173
1173
0442
0662
7557

1212
1173
1173
0442
6602
7557

1213
1173
1173
4402
6602
7557

1214
1173
1103
4472
6602
7557

1215
1173
1103
4402
6672
7557

1216
1103
1173
4402
6672
7557

1217
1103
1103
4472
6672
7557

1218
1130
1130
4472
6672
7557

1219
1130
1132
4472
6670
7557

1220
1130
1132
4472
6677
7550

1221
1130
1132
4472
6677
7055

1222
1130
1132
4472
6677
0755

1223
1132
1132
4470
6677
0755

1224
1132
1132
4477
6670
0755

1225
1132
1132
4477
6670
7055

1226
1132
1132
4477
6670
7550

1227
1132
1132
4477
6607
7550

1228
1132
1132
4477
6600
7557

1229
1132
1132
4470
6607
7557

1230
1132
1132
4407
6607
7557

1231
1102
1132
4437
6607
7557

1232
1102
1132
4437
0667
7557

1233
1102
1132
4437
7667
0557

1234
1132
1132
4407
7667
0557

1235
1132
1132
4470
7667
0557

1236
1130
1132
4472
7667
0557

1237
1130
1132
4472
7667
5507

1238
1130
1132
4472
7667
5570

1239
1132
1132
4470
7667
5570

1240
1132
1132
4407
7667
5570

1241
1102
1132
4437
7667
5570

1242
1102
1132
4437
7660
5577

1243
1102
1132
4430
7667
5577

1244
1132
1132
4400
7667
5577

1245
1132
1132
0440
7667
5577

1246
1132
1132
7440
0667
5577

1247
1132
1132
7440
6607
5577

1248
1132
1132
7440
6677
5507

1249
1132
1132
7440
6677
5570

1250
1132
1132
7447
6670
5570

1251
1132
1132
7447
6607
5570

1252
1132
1132
7447
6607
5507

1253
1132
1132
7447
6607
0557

1254
1132
1132
7447
6670
0557

1255
1132
1132
7447
6677
0550

1256
1132
1132
7447
6677
0055

1257
1132
1132
7447
0077
6655

1258
1132
1132
0447
7077
6655

1259
1132
1132
4407
7077
6655

1260
1132
1132
4477
7007
6655

1261
1132
1132
4477
0707
6655

1262
1132
1132
4477
0077
6655

1263
1132
1132
4477
6677
0055

1264
1132
1132
4477
6677
0550

1265
1132
1132
4477
6670
0557

1266
1132
1132
4470
6677
0557

1267
1130
1132
4472
6677
0557

1268
1130
1132
4472
6677
5507

1269
1130
1132
4472
6607
5577

1270
1132
1132
4470
6607
5577

1271
1132
1132
4477
6600
5577

1272
1132
1132
4477
6607
5570

1273
1132
1132
4477
6607
5507

1274
1132
1132
4407
6677
5507

1275
1102
1132
4437
6677
5507

1276
1102
1132
4437
6607
5577

1277
1102
1102
4437
6637
5577

1278
1120
1120
4437
6637
5577

1279
1120
1127
4430
6637
5577

1280
1120
1127
4437
6630
5577

1281
1120
1127
4437
6637
5570

1282
1120
1127
4437
6637
5507

1283
1120
1127
4407
6637
5537

1284
1100
1127
4427
6637
5537

1285
1107
1120
4427
6637
5537

1286
1170
1120
4427
6637
5537

1287
1170
1127
4420
6637
5537

1288
1177
1120
4420
6637
5537

1289
1177
1120
4427
6630
5537

1290
1177
1127
4420
6630
5537

1291
1177
1127
4420
6637
5530

1292
1177
1127
4427
6630
5530

1293
1177
1127
4427
6603
5503

1294
1177
1107
4427
6623
5503

1295
1107
1177
4427
6623
5503

1296
1170
1177
4427
6623
5503

1297
1170
1177
4407
6623
5523

1298
1177
1170
4407
6623
5523

1299
1177
1177
4400
6623
5523

1300
1177
1177
4403
6623
5520

1301
1177
1177
4423
6623
5500

1302
1177
1177
4423
6623
0550

1303
1177
1177
4423
6623
0055

1304
1177
1177
4423
0023
6655

1305
1177
1177
0023
4423
6655

1306
0077
1177
1123
4423
6655

1307
0707
1177
1123
4423
6655

1308
0777
1107
1123
4423
6655

1309
0777
1127
1123
4403
6655

1310
0777
1127
1123
0443
6655

1311
7077
1127
1123
0443
6655

1312
7707
1127
1123
0443
6655

1313
7707
1127
1123
4403
6655

1314
7707
1107
1123
4423
6655

1315
7707
1170
1123
4423
6655

1316
7707
1173
1123
4420
6655

1317
7777
1103
1123
4420
6655

1318
7777
1123
1123
4400
6655

1319
7777
1123
1123
4455
6600

1320
7777
1123
1123
4455
0660

1321
7777
1123
1123
4455
0066

1322
7777
1123
1123
0055
4466

1323
7777
1123
1123
0550
4466

1324
7777
1120
1123
0553
4466

1325
7770
1127
1123
0553
4466

1326
7707
1127
1123
0553
4466

1327
7077
1127
1123
0553
4466

1328
0777
1127
1123
0553
4466

1329
0777
1127
1123
5503
4466

1330
0777
1107
1123
5523
4466

1331
7077
1107
1123
5523
4466

1332
7707
1107
1123
5523
4466

1333
7770
1107
1123
5523
4466

1334
7777
1100
1123
5523
4466

1335
7777
1103
1123
5520
4466

1336
7707
1173
1123
5520
4466

1337
7770
1173
1123
5520
4466

1338
7773
1173
1120
5520
4466

1339
7773
1173
1102
5502
4466

1340
7773
1173
1102
0552
4466

1341
7773
1103
1172
0552
4466

1342
7703
1173
1172
0552
4466

1343
7703
1173
1172
5502
4466

1344
7703
1173
1102
5572
4466

1345
7703
1103
1172
5572
4466

1346
7730
1130
1172
5572
4466

1347
7730
1132
1172
5570
4466

1348
7730
1132
1172
5507
4466

1349
7730
1132
1102
5577
4466

1350
7700
1132
1132
5577
4466

1351
7070
1132
1132
5577
4466

1352
0770
1132
1132
5577
4466

1353
0772
1132
1130
5577
4466

1354
0772
1132
1137
5570
4466

1355
7072
1132
1137
5570
4466

1356
7702
1132
1137
5570
4466

1357
7732
1132
1107
5570
4466

1358
7732
1132
1177
5500
4466

1359
7732
1132
1177
0550
4466

1360
7732
1132
1177
0055
4466

1361
7732
1132
1177
4455
0066

1362
7732
1132
1177
4455
0660

1363
7732
1132
1177
4455
6600

1364
7732
1132
1177
4400
6655

1365
7732
1132
1107
4470
6655

1366
7702
1132
1137
4470
6655

1367
7072
1132
1137
4470
6655

1368
0772
1132
1137
4470
6655

1369
0772
1132
1130
4477
6655

1370
0770
1132
1132
4477
6655

1371
7070
1132
1132
4477
6655

1372
7700
1132
1132
4477
6655

1373
7730
1132
1102
4477
6655

1374
7730
1132
1172
4407
6655

1375
7730
1132
1172
4470
6655

1376
7730
1130
1172
4472
6655

1377
7703
1103
1172
4472
6655

1378
7703
1173
1102
4472
6655

1379
7703
1173
1172
4402
6655

1380
7703
1173
1172
0442
6655

1381
7073
1173
1172
0442
6655

1382
0773
1173
1172
0442
6655

1383
0773
1173
1172
4402
6655

1384
0773
1173
1102
4472
6655

1385
0773
1103
1172
4472
6655

1386
0703
1173
1172
4472
6655

1387
0073
1173
1172
4472
6655

1388
1173
1173
0072
4472
6655

1389
1173
1173
0702
4472
6655

1390
1173
1103
0772
4472
6655

1391
1103
1173
0772
4472
6655

1392
1103
1173
7072
4472
6655

1393
1103
1173
7702
4472
6655

1394
1173
1103
7702
4472
6655

1395
1173
1103
7772
4402
6655

1396
1173
1173
7702
4402
6655

1397
1173
1173
7072
4402
6655

1398
1173
1173
7072
0442
6655

1399
1173
1173
0072
7442
6655

1400
1173
1173
0702
7442
6655

1401
1173
1103
0772
7442
6655

1402
1103
1173
0772
7442
6655

1403
1103
1173
7072
7442
6655

1404
1103
1173
7702
7442
6655

1405
1103
1103
7772
7442
6655

1406
0113
0113
7772
7442
6655

1407
0113
7113
0772
7442
6655

1408
7113
0113
0772
7442
6655

1409
7113
0113
7772
0442
6655

1410
7113
7113
0772
0442
6655

1411
7113
7113
7072
0442
6655

1412
7113
7113
7702
0442
6655

1413
7113
7113
0702
7442
6655

1414
7113
7113
7002
7442
6655

1415
7113
7113
7442
7002
6655

1416
7113
7113
7442
0702
6655

1417
7113
7113
7442
0072
6655

1418
7113
7113
7442
6672
0055

1419
7113
7113
7442
6672
0550

1420
7113
7113
7440
6672
0552

1421
7110
7113
7443
6672
0552

1422
7110
7113
7443
6672
5502

1423
7110
7113
7443
6602
5572

1424
7113
7113
7440
6602
5572

1425
7113
7113
7442
6602
5570

1426
7113
7113
7442
6602
5507

1427
7113
7113
7442
6602
0557

1428
7113
7113
7442
0662
0557

1429
7113
7113
0442
7662
0557

1430
7113
7113
0442
0662
7557

1431
7113
7113
0442
6602
7557

1432
7113
0113
7442
6602
7557

1433
0113
7113
7442
6602
7557

1434
0113
7113
7442
0662
7557

1435
0113
7113
0442
7662
7557

1436
0113
0113
7442
7662
7557

1437
1103
1103
7442
7662
7557

1438
1130
1130
7442
7662
7557

1439
1130
1132
7442
7660
7557

1440
1130
1132
7442
7667
7550

1441
1130
1132
7442
7667
7055

1442
1130
1132
7442
7667
0755

1443
1130
1132
7442
0667
7755

1444
1130
1132
0442
7667
7755

1445
1130
1132
4402
7667
7755

1446
1100
1132
4432
7667
7755

1447
1102
1132
4430
7667
7755

1448
1102
1132
4437
7660
7755

1449
1132
1132
4407
7660
7755

1450
1132
1132
4470
7660
7755

1451
1130
1132
4472
7660
7755

1452
1130
1132
4472
7066
7755

1453
1130
1132
4472
7766
7055

1454
1132
1132
4470
7766
7055

1455
1132
1132
4407
7766
7055

1456
1102
1132
4437
7766
7055

1457
1102
1132
4437
7766
0755

1458
1102
1132
4437
0766
7755

1459
1132
1132
4407
0766
7755

1460
1132
1132
0447
0766
7755

1461
1132
1132
0447
7766
0755

1462
1132
1132
7447
0766
0755

1463
1132
1132
7447
7066
0755

1464
1132
1132
7447
7766
0055

1465
1132
1132
7447
7766
0550

1466
1132
1132
7447
7766
5500

1467
1132
1132
7447
7700
5566

1468
1132
1132
7447
7070
5566

1469
1132
1132
7440
7077
5566

1470
1130
1132
7442
7077
5566

1471
1130
1132
7442
0777
5566

1472
1130
1132
0442
7777
5566

1473
1132
1132
0440
7777
5566

1474
1132
1132
0447
7770
5566

1475
1132
1132
0447
7707
5566

1476
1132
1132
0447
7077
5566

1477
1132
1132
0447
0777
5566

1478
1132
1132
4407
0777
5566

1479
1132
1132
4477
0707
5566

1480
1132
1132
4477
7007
5566

1481
1132
1132
4477
7070
5566

1482
1132
1132
4477
7700
5566

1483
1132
1132
4477
7766
5500

1484
1132
1132
4477
7766
0550

1485
1132
1132
4477
0766
7550

1486
1132
1132
4477
7066
7550

1487
1132
1132
4477
7660
7550

1488
1132
1132
4470
7667
7550

1489
1130
1132
4472
7667
7550

1490
1130
1132
4472
7660
7557

1491
1130
1130
4472
7662
7557

1492
1103
1103
4472
7662
7557

1493
1103
1173
4402
7662
7557

1494
1173
1103
4402
7662
7557

1495
1173
1103
0442
7662
7557

1496
1173
1103
7442
0662
7557

1497
1103
1173
7442
0662
7557

1498
1103
1173
7442
7662
0557

1499
1103
1173
7442
7662
5507

1500
1173
1103
7442
7662
5507

1501
1173
1103
7442
7662
5570

1502
1173
1103
7440
7662
5572

1503
1170
1103
7443
7662
5572

1504
1107
1103
7443
7662
5572

1505
0117
0113
7443
7662
5572

1506
0117
7113
0443
7662
5572

1507
0117
7113
7443
0662
5572

1508
0117
7113
7443
6602
5572

1509
0117
7113
7443
6672
5502

1510
0117
7113
7443
6672
0552

1511
7117
0113
7443
6672
0552

1512
7117
7113
0443
6672
0552

1513
7117
7113
0443
6672
5502

1514
7117
7113
4403
6672
5502

1515
7117
7113
4473
6602
5502

1516
7117
7113
4473
6620
5520

1517
7117
7110
4473
6623
5520

1518
7117
7110
4470
6623
5523

1519
7117
7110
4407
6623
5523

1520
7117
7110
4427
6623
5503

1521
7117
7110
4427
6623
0553

1522
7117
7117
4420
6623
0553

1523
7117
7117
4423
6623
0550

1524
7117
7117
4423
6623
5500

1525
7117
7117
4403
6623
5520

1526
7117
7117
0443
6623
5520

1527
7117
0117
7443
6623
5520

1528
0117
7117
7443
6623
5520

1529
0117
7117
7440
6623
5523

1530
0117
7117
7044
6623
5523

1531
0117
7117
0744
6623
5523

1532
0117
0117
7744
6623
5523

1533
1107
1107
7744
6623
5523

1534
1170
1107
7744
6623
5523

1535
1177
1100
7744
6623
5523

1536
1177
1144
7700
6623
5523

1537
1177
1144
7703
6623
5520

1538
1177
1144
7723
6623
5500

1539
1177
1144
7723
6623
0550

1540
1177
1144
7723
6623
0055

1541
1177
1144
7723
0023
6655

1542
1177
1144
7023
0723
6655

1543
1177
1144
0023
7723
6655

1544
0077
1144
1123
7723
6655

1545
0707
1144
1123
7723
6655

1546
0770
1144
1123
7723
6655

1547
7070
1144
1123
7723
6655

1548
7700
1144
1123
7723
6655

1549
7744
1100
1123
7723
6655

1550
7744
1103
1123
7720
6655

1551
7744
1123
1123
7700
6655

1552
7744
1123
1123
7755
6600

1553
7744
1123
1123
7755
0660

1554
7744
1123
1123
7755
0066

1555
7744
1123
1123
7055
0766

1556
7744
1123
1123
7550
0766

1557
7744
1120
1123
7553
0766

1558
7744
1120
1123
0553
7766

1559
7744
1120
1123
5503
7766

1560
7744
1123
1123
5500
7766

1561
7744
1123
1123
5566
7700

1562
7744
1123
1123
5566
7070

1563
7744
1123
1123
5566
7007

1564
7744
1123
1123
5566
0707

1565
7744
1123
1123
5566
0077

1566
7744
1123
1123
0066
5577

1567
7744
1123
1123
0660
5577

1568
7744
1120
1123
0663
5577

1569
7744
1120
1123
6603
5577

1570
7744
1120
1123
6673
5507

1571
7744
1123
1123
6670
5507

1572
7744
1123
1123
6677
5500

1573
7744
1123
1123
6607
5570

1574
7744
1103
1123
6627
5570

1575
7744
1103
1123
6627
5507

1576
7744
1103
1103
6627
5527

1577
7744
1130
1130
6627
5527

1578
7744
1130
1137
6620
5527

1579
7744
1130
1137
6627
5520

1580
7744
1137
1130
6627
5520

1581
7744
1137
1137
6620
5520

1582
7744
1137
1137
6602
5502

1583
7744
1137
1137
6602
0552

1584
7744
1107
1137
6632
0552

1585
7744
1170
1137
6632
0552

1586
7744
1170
1137
6632
5502

1587
7744
1170
1107
6632
5532

1588
7744
1100
1177
6632
5532

1589
7744
1107
1170
6632
5532

1590
7744
1107
1172
6632
5530

1591
7744
1177
1102
6632
5530

1592
7744
1177
1132
6632
5500

1593
7744
1177
1132
6632
0550

1594
7744
1177
1132
6632
0055

1595
7744
1177
1132
0032
6655

1596
7744
0077
1132
1132
6655

1597
0744
7077
1132
1132
6655

1598
7044
7077
1132
1132
6655

1599
7440
7077
1132
1132
6655

1600
7447
7070
1132
1132
6655

1601
7447
7072
1132
1130
6655

1602
7447
0772
1132
1130
6655

1603
0447
7772
1132
1130
6655

1604
0447
7770
1132
1132
6655

1605
0440
7777
1132
1132
6655

1606
4400
7777
1132
1132
6655

1607
4470
7707
1132
1132
6655

1608
4477
7700
1132
1132
6655

1609
4477
7702
1132
1130
6655

1610
4477
7732
1132
1100
6655

1611
4477
7732
1132
1155
6600

1612
4477
7732
1132
1155
0660

1613
4477
7732
1132
1155
0066

1614
4477
7732
0032
1155
1166

1615
4477
7032
0732
1155
1166

1616
4477
0032
7732
1155
1166

1617
0077
4432
7732
1155
1166

1618
0707
4432
7732
1155
1166

1619
0770
4432
7732
1155
1166

1620
0772
4432
7730
1155
1166

1621
7072
4432
7730
1155
1166

1622
7702
4432
7730
1155
1166

1623
7700
4432
7732
1155
1166

1624
7730
4432
7702
1155
1166

1625
7730
4432
7072
1155
1166

1626
7732
4432
7070
1155
1166

1627
7732
4432
7007
1155
1166

1628
7732
4432
0707
1155
1166

1629
7732
4432
0077
1155
1166

1630
7732
4432
1177
1155
0066

1631
7732
4432
1177
1155
0660

1632
7732
4432
1177
1155
6600

1633
7732
4432
1177
1100
6655

1634
7732
4432
1170
1107
6655

1635
7730
4432
1172
1107
6655

1636
7730
4432
1102
1177
6655

1637
7700
4432
1132
1177
6655

1638
7702
4432
1130
1177
6655

1639
7702
4432
1137
1170
6655

1640
7702
4432
1137
1107
6655

1641
7702
4402
1137
1137
6655

1642
7702
0442
1137
1137
6655

1643
0702
7442
1137
1137
6655

1644
7002
7442
1137
1137
6655

1645
7442
7002
1137
1137
6655

1646
7442
0702
1137
1137
6655

1647
0442
7702
1137
1137
6655

1648
4402
7702
1137
1137
6655

1649
4402
7732
1137
1107
6655

1650
4432
7732
1107
1107
6655

1651
4432
7732
1170
1107
6655

1652
4430
7732
1172
1107
6655

1653
4430
7732
1102
1177
6655

1654
4400
7732
1132
1177
6655

1655
4402
7732
1130
1177
6655

1656
0442
7732
1130
1177
6655

1657
0442
7732
1137
1170
6655

1658
7442
0732
1137
1170
6655

1659
7442
7032
1137
1170
6655

1660
7442
7032
1130
1177
6655

1661
7440
7032
1132
1177
6655

1662
7044
7032
1132
1177
6655

1663
0744
7032
1132
1177
6655

1664
7744
0032
1132
1177
6655

1665
7744
1132
1132
0077
6655

1666
7744
1132
1132
6677
0055

1667
7744
1132
1132
6677
0550

1668
7744
1132
1132
6677
5500

1669
7744
1132
1132
6607
5570

1670
7744
1102
1132
6637
5570

1671
7744
1102
1132
6630
5577

1672
7744
1100
1132
6632
5577

1673
7744
1130
1132
6602
5577

1674
7744
1130
1132
6672
5507

1675
7744
1130
1132
6672
5570

1676
7744
1130
1130
6672
5572

1677
7744
1103
1103
6672
5572

1678
7744
1103
1173
6602
5572

1679
7744
1103
1173
6672
5502

1680
7744
1103
1173
6672
0552

1681
7744
1173
1103
6672
0552

1682
7744
1173
1173
6602
0552

1683
7744
1173
1173
6602
5502

1684
7744
1173
1173
6620
5520

1685
7744
1170
1173
6623
5520

1686
7744
1170
1170
6623
5523

1687
7744
1170
1107
6623
5523

1688
7744
1170
1127
6623
5503

1689
7744
1170
1127
6623
0553

1690
7744
1177
1120
6623
0553

1691
7744
1177
1123
6623
0550

1692
7744
1177
1123
6623
0055

1693
7744
1177
1123
0023
6655

1694
7744
0077
1123
1123
6655

1695
0744
7077
1123
1123
6655

1696
7044
7077
1123
1123
6655

1697
7440
7077
1123
1123
6655

1698
7447
7070
1123
1123
6655

1699
7447
7073
1123
1120
6655

1700
7447
0773
1123
1120
6655

1701
0447
7773
1123
1120
6655

1702
0447
7770
1123
1123
6655

1703
0440
7777
1123
1123
6655

1704
4400
7777
1123
1123
6655

1705
4470
7707
1123
1123
6655

1706
4477
7700
1123
1123
6655

1707
4477
7703
1123
1120
6655

1708
4477
7723
1123
1100
6655

1709
4477
7723
1123
1155
6600

1710
4477
7723
1123
1155
0660

1711
4477
7723
1123
1155
0066

1712
4477
7723
0023
1155
1166

1713
4477
7023
0723
1155
1166

1714
4477
0023
7723
1155
1166

1715
0077
4423
7723
1155
1166

1716
0707
4423
7723
1155
1166

1717
0770
4423
7723
1155
1166

1718
0773
4423
7720
1155
1166

1719
7073
4423
7720
1155
1166

1720
7703
4423
7720
1155
1166

1721
7700
4423
7723
1155
1166

1722
7720
4423
7703
1155
1166

1723
7720
4423
7073
1155
1166

1724
7723
4423
7070
1155
1166

1725
7723
4423
7007
1155
1166

1726
7723
4423
0707
1155
1166

1727
7723
4423
0077
1155
1166

1728
7723
4423
1177
1155
0066

1729
7723
4423
1177
1155
0660

1730
7723
4423
1177
1155
6600

1731
7723
4423
1177
1100
6655

1732
7723
4423
1170
1107
6655

1733
7720
4423
1173
1107
6655

1734
7720
4423
1103
1177
6655

1735
7700
4423
1123
1177
6655

1736
7703
4423
1120
1177
6655

1737
7703
4423
1127
1170
6655

1738
7703
4423
1127
1107
6655

1739
7703
4403
1127
1127
6655

1740
7703
0443
1127
1127
6655

1741
0703
7443
1127
1127
6655

1742
7003
7443
1127
1127
6655

1743
7443
7003
1127
1127
6655

1744
7443
0703
1127
1127
6655

1745
0443
7703
1127
1127
6655

1746
4403
7703
1127
1127
6655

1747
4403
7723
1127
1107
6655

1748
4423
7723
1107
1107
6655

1749
4423
7723
1170
1107
6655

1750
4420
7723
1173
1107
6655

1751
4420
7723
1173
1170
6655

1752
4420
7720
1173
1173
6655

1753
4402
7702
1173
1173
6655

1754
0442
7702
1173
1173
6655

1755
7442
0702
1173
1173
6655

1756
7442
7002
1173
1173
6655

1757
7442
7072
1103
1173
6655

1758
7442
7702
1103
1173
6655

1759
7442
7702
1173
1103
6655

1760
7442
7772
1103
1103
6655

1761
7442
7772
0113
0113
6655

1762
7442
0772
7113
0113
6655

1763
0442
7772
7113
0113
6655

1764
4402
7772
7113
0113
6655

1765
4472
7702
7113
0113
6655

1766
4472
7072
7113
0113
6655

1767
4472
0772
7113
0113
6655

1768
4472
7772
0113
0113
6655

1769
4472
7772
1103
1103
6655

1770
4472
7702
1173
1103
6655

1771
4472
7072
1173
1103
6655

1772
4472
0772
1173
1103
6655

1773
4472
0772
1103
1173
6655

1774
4472
0702
1173
1173
6655

1775
4472
0072
1173
1173
6655

1776
4472
1172
1173
0073
6655

1777
4472
1172
1173
6673
0055

1778
4472
1172
1173
6673
0550

1779
4472
1172
1173
6673
5500

1780
4472
1172
1173
6603
5570

1781
4472
1172
1103
6673
5570

1782
4472
1102
1173
6673
5570

1783
4402
1172
1173
6673
5570

1784
0442
1172
1173
6673
5570

1785
0442
1172
1170
6673
5573

1786
0440
1172
1172
6673
5573

1787
4400
1172
1172
6673
5573

1788
4470
1102
1172
6673
5573

1789
4470
1172
1102
6673
5573

1790
4470
1172
1172
6603
5573

1791
4470
1172
1172
6673
5503

1792
4470
1172
1172
6673
0553

1793
4407
1172
1172
6673
0553

1794
4477
1102
1172
6673
0553

1795
4477
1102
1172
6673
5503

1796
4477
1102
1172
6603
5573

1797
4477
1102
1102
6673
5573

1798
4477
1120
1120
6673
5573

1799
4477
1120
1123
6673
5570

1800
4477
1120
1123
6673
5507

1801
4477
1120
1123
6603
5577

1802
4477
1100
1123
6623
5577

1803
4407
1170
1123
6623
5577

1804
4470
1170
1123
6623
5577

1805
4470
1173
1123
6620
5577

1806
4473
1173
1120
6620
5577

1807
4473
1173
1120
6627
5570

1808
4473
1173
1127
6620
5570

1809
4473
1173
1127
6620
5507

1810
4473
1173
1127
6627
5500

1811
4473
1173
1107
6627
5520

1812
4473
1103
1177
6627
5520

1813
4473
1103
1177
6620
5527

1814
4473
1103
1170
6627
5527

1815
4470
1103
1173
6627
5527

1816
4407
1103
1173
6627
5527

1817
0447
1103
1173
6627
5527

1818
0447
1173
1103
6627
5527

1819
0447
1173
1123
6627
5507

1820
4407
1173
1123
6627
5507

1821
4477
1103
1123
6627
5507

1822
4477
1123
1123
6607
5507

1823
4477
1123
1123
0667
5507

1824
4477
1123
1123
0667
5570

1825
4477
1123
1123
0660
5577

1826
4477
1123
1123
0066
5577

1827
4477
1123
1123
5566
0077

1828
4477
1123
1123
5566
0707

1829
4477
1123
1123
5566
7007

1830
4477
1123
1123
5566
7070

1831
4477
1123
1123
5566
7700

1832
4477
1123
1123
5500
7766

1833
4477
1103
1123
5520
7766

1834
4407
1173
1123
5520
7766

1835
4470
1173
1123
5520
7766

1836
4473
1173
1120
5520
7766

1837
4473
1173
1102
5502
7766

1838
4473
1103
1172
5502
7766

1839
4403
1173
1172
5502
7766

1840
0443
1173
1172
5502
7766

1841
0443
1173
1172
0552
7766

1842
0443
1173
1172
7552
0766

1843
4403
1173
1172
7552
0766

1844
4473
1103
1172
7552
0766

1845
4473
1173
1102
7552
0766

1846
4473
1173
1102
7552
7066

1847
4473
1173
1102
7552
7660

1848
4473
1103
1172
7552
7660

1849
4403
1173
1172
7552
7660

1850
0443
1173
1172
7552
7660

1851
0443
1173
1170
7552
7662

1852
0440
1173
1173
7552
7662

1853
4400
1173
1173
7552
7662

1854
4470
1103
1173
7552
7662

1855
4470
1173
1103
7552
7662

1856
4407
1173
1103
7552
7662

1857
4477
1103
1103
7552
7662

1858
4477
0113
0113
7552
7662

1859
4477
0113
7113
0552
7662

1860
4477
0113
7113
7552
0662

1861
4477
0113
7113
7552
6602

1862
4477
7113
0113
7552
6602

1863
4477
7113
7113
0552
6602

1864
4477
7113
7113
5502
6602

1865
4477
7113
7113
5520
6620

1866
4477
7110
7113
5523
6620

1867
4477
7110
7110
5523
6623

1868
4470
7117
7110
5523
6623

1869
4470
7110
7117
5523
6623

1870
4407
7110
7117
5523
6623

1871
4400
7117
7117
5523
6623

1872
0440
7117
7117
5523
6623

1873
0044
7117
7117
5523
6623

1874
7044
0117
7117
5523
6623

1875
0744
0117
7117
5523
6623

1876
0744
7117
0117
5523
6623

1877
7744
0117
0117
5523
6623

1878
7744
1107
1107
5523
6623

1879
7744
1170
1107
5523
6623

1880
7744
1177
1100
5523
6623

1881
7744
1177
1103
5523
6620

1882
7744
1177
1123
5523
6600

1883
7744
1177
1123
5523
0660

1884
7744
1177
1120
5523
0663

1885
7744
1170
1127
5523
0663

1886
7744
1107
1127
5523
0663

1887
7744
1127
1127
5503
0663

1888
7744
1127
1127
5503
6603

1889
7744
1127
1127
5530
6630

1890
7744
1127
1120
5537
6630

1891
7744
1120
1127
5537
6630

1892
7744
1120
1127
5530
6637

1893
7744
1120
1120
5537
6637

1894
7744
1102
1102
5537
6637

1895
7744
1102
1132
5537
6607

1896
7744
1132
1132
5507
6607

1897
7744
1132
1132
5570
6607

1898
7744
1130
1132
5572
6607

1899
7744
1130
1132
5502
6677

1900
7744
1100
1132
5532
6677

1901
7700
1144
1132
5532
6677

1902
7070
1144
1132
5532
6677

1903
7007
1144
1132
5532
6677

1904
0707
1144
1132
5532
6677

1905
0077
1144
1132
5532
6677

1906
1177
1144
0032
5532
6677

1907
1177
1144
5532
0032
6677

1908
1177
1144
5532
6632
0077

1909
1177
1144
5532
6632
0707

1910
1177
1144
5532
6632
0770

1911
1177
1144
5530
6632
0772

1912
1177
1144
5530
6632
7072

1913
1177
1144
5530
6632
7702

1914
1177
1144
5532
6632
7700

1915
1177
1144
5502
6632
7730

1916
1177
1144
0552
6632
7730

1917
1177
1144
0550
6632
7732

1918
1177
1144
0055
6632
7732

1919
0077
1144
1155
6632
7732

1920
0707
1144
1155
6632
7732

1921
0770
1144
1155
6632
7732

1922
7070
1144
1155
6632
7732

1923
7700
1144
1155
6632
7732

1924
7744
1100
1155
6632
7732

1925
7744
1155
1100
6632
7732

1926
7744
1155
1102
6632
7730

1927
7744
1155
1132
6632
7700

1928
7744
1155
1132
6632
7070

1929
7744
1155
1132
6632
7007

1930
7744
1155
1132
6632
0707

1931
7744
1155
1132
6632
0077

1932
7744
1155
1132
0032
6677

1933
7744
0055
1132
1132
6677

1934
7044
0755
1132
1132
6677

1935
7440
0755
1132
1132
6677

1936
0440
7755
1132
1132
6677

1937
4400
7755
1132
1132
6677

1938
4455
7700
1132
1132
6677

1939
4455
7702
1132
1130
6677

1940
4455
7702
1132
1137
6670

1941
4455
7702
1132
1137
6607

1942
4455
7702
1102
1137
6637

1943
4455
7072
1102
1137
6637

1944
4455
7002
1172
1137
6637

1945
4455
0702
1172
1137
6637

1946
4455
0072
1172
1137
6637

1947
0055
4472
1172
1137
6637

1948
0550
4472
1172
1137
6637

1949
0552
4472
1170
1137
6637

1950
0552
4472
1177
1130
6637

1951
0552
4472
1177
1137
6630

1952
5502
4472
1177
1137
6630

1953
5572
4402
1177
1137
6630

1954
5572
4402
1177
1130
6637

1955
5572
4402
1170
1137
6637

1956
5570
4402
1172
1137
6637

1957
5507
4402
1172
1137
6637

1958
0557
4402
1172
1137
6637

1959
0557
4472
1102
1137
6637

1960
0557
4472
1132
1137
6607

1961
5507
4472
1132
1137
6607

1962
5577
4402
1132
1137
6607

1963
5577
4432
1132
1107
6607

1964
5577
4432
1132
1170
6607

1965
5577
4430
1132
1172
6607

1966
5570
4437
1132
1172
6607

1967
5507
4437
1132
1172
6607

1968
5537
4437
1102
1172
6607

1969
5537
4437
1172
1102
6607

1970
5537
4437
1172
1102
6670

1971
5537
4437
1172
1172
6600

1972
5537
4437
1172
1172
0660

1973
5537
4437
1170
1172
0662

1974
5537
4430
1177
1172
0662

1975
5537
4430
1177
1172
6602

1976
5537
4430
1177
1102
6672

1977
5537
4430
1107
1172
6672

1978
5507
4430
1137
1172
6672

1979
5570
4430
1137
1172
6672

1980
5570
4437
1130
1172
6672

1981
5577
4430
1130
1172
6672

1982
5577
4403
1103
1172
6672

1983
5507
4473
1103
1172
6672

1984
5570
4473
1103
1172
6672

1985
5573
4473
1100
1172
6672

1986
5573
4473
1102
1172
6670

1987
5573
4473
1102
1172
6607

1988
5573
4473
1102
1102
6677

1989
5573
4403
1172
1102
6677

1990
5573
4403
1102
1172
6677

1991
5503
4473
1102
1172
6677

1992
5503
4403
1172
1172
6677

1993
5530
4430
1172
1172
6677

1994
5530
4432
1172
1170
6677

1995
5530
4432
1172
1177
6670

1996
5530
4432
1172
1177
6607

1997
5530
4432
1172
1177
0667

1998
5532
4432
1170
1177
0667

1999
5532
4432
1177
1170
0667

2000
5532
4432
1177
1170
6607

2001
5532
4432
1177
1100
6677

2002
5532
4432
1107
1170
6677

2003
5502
4432
1137
1170
6677

2004
0552
4432
1137
1170
6677

2005
0552
4432
1130
1177
6677

2006
0550
4432
1132
1177
6677

2007
0055
4432
1132
1177
6677

2008
4455
0032
1132
1177
6677

2009
4455
1132
1132
0077
6677

2010
4455
1132
1132
6677
0077

2011
4455
1132
1132
6677
0707

2012
4455
1132
1132
6677
7007

2013
4455
1132
1132
6607
7077

2014
4455
1132
1132
6607
7707

2015
4455
1132
1132
6607
7770

2016
4455
1132
1132
6600
7777

2017
4455
1130
1132
6602
7777

2018
4455
1130
1132
6672
7707

2019
4455
1130
1132
6672
7770

2020
4455
1130
1130
6672
7772

2021
4455
1103
1103
6672
7772

2022
4455
1103
1173
6602
7772

2023
4455
1173
1103
6602
7772

2024
4455
1173
1103
6672
7702

2025
4455
1173
1173
6602
7702

2026
4455
1173
1173
0662
7702

2027
4455
1173
1173
7662
0702

2028
4455
1173
1173
7662
7002

2029
4455
1173
1173
7002
7662

2030
4455
1173
1173
0702
7662

2031
4455
1173
1173
7702
0662

2032
4455
1173
1173
7702
6602

2033
4455
1173
1103
7772
6602

2034
4455
1173
1103
7702
6672

2035
4455
1173
1103
7072
6672

2036
4455
1173
1103
0772
6672

2037
4455
1173
1173
0702
6672

2038
4455
1173
1173
0072
6672

2039
4455
0073
1173
1172
6672

2040
0055
4473
1173
1172
6672

2041
0550
4473
1173
1172
6672

2042
5500
4473
1173
1172
6672

2043
5503
4473
1170
1172
6672

2044
5503
4473
1172
1172
6670

2045
0553
4473
1172
1172
6670

2046
0553
4473
1172
1172
6607

2047
0553
4473
1172
1172
0667

2048
5503
4473
1172
1172
0667

2049
5573
4403
1172
1172
0667

2050
5573
0443
1172
1172
0667

2051
5573
0443
1172
1172
6607

2052
5573
0443
1172
1172
6670

2053
5573
0443
1170
1172
6672

2054
5573
0443
1107
1172
6672

2055
5573
4403
1107
1172
6672

2056
5573
4403
1177
1102
6672

2057
5503
4473
1177
1102
6672

2058
0553
4473
1177
1102
6672

2059
0553
4473
1177
1172
6602

2060
0553
4473
1177
1172
0662

2061
5503
4473
1177
1172
0662

2062
5573
4403
1177
1172
0662

2063
5573
4473
1107
1172
0662

2064
5573
4473
1177
1102
0662

2065
5573
4473
1177
1102
6602

2066
5573
4473
1177
1120
6620

2067
5573
4473
1170
1127
6620

2068
5570
4473
1173
1127
6620

2069
5507
4473
1173
1127
6620

2070
5577
4403
1173
1127
6620

2071
5577
4473
1103
1127
6620

2072
5577
4473
1123
1127
6600

2073
5577
4473
1123
1127
0660

2074
5577
4473
1123
1120
0667

2075
5577
4470
1123
1123
0667

2076
5577
4470
1123
1123
6607

2077
5577
4470
1103
1123
6627

2078
5577
4400
1173
1123
6627

2079
5507
4470
1173
1123
6627

2080
0557
4470
1173
1123
6627

2081
0550
4477
1173
1123
6627

2082
0055
4477
1173
1123
6627

2083
4455
0077
1173
1123
6627

2084
4455
0707
1173
1123
6627

2085
4455
7007
1173
1123
6627

2086
4455
7077
1103
1123
6627

2087
4455
7707
1103
1123
6627

2088
4455
7770
1103
1123
6627

2089
4455
7773
1103
1120
6627

2090
4455
7773
1103
1127
6620

2091
4455
7773
1123
1127
6600

2092
4455
7773
1123
1127
0660

2093
4455
7773
1123
1120
0667

2094
4455
7770
1123
1123
0667

2095
4455
7707
1123
1123
0667

2096
4455
7727
1123
1103
0667

2097
4455
7727
1123
1103
6607

2098
4455
7727
1123
1103
6670

2099
4455
7707
1123
1123
6670

2100
4455
7077
1123
1123
6670

2101
4455
0777
1123
1123
6670

2102
4455
0777
1120
1123
6673

2103
4455
0770
1127
1123
6673

2104
4455
7070
1127
1123
6673

2105
4455
7700
1127
1123
6673

2106
4455
7720
1127
1103
6673

2107
4455
7720
1127
1173
6603

2108
4455
7720
1127
1173
0663

2109
4455
7727
1120
1173
0663

2110
4455
7727
1123
1173
0660

2111
4455
7727
1123
1173
0066

2112
4455
7727
0023
1173
1166

2113
4455
0727
7023
1173
1166

2114
4455
0027
7723
1173
1166

2115
0055
4427
7723
1173
1166

2116
0550
4427
7723
1173
1166

2117
5500
4427
7723
1173
1166

2118
5520
4427
7703
1173
1166

2119
5520
4427
7773
1103
1166

2120
5527
4420
7773
1103
1166

2121
5527
4423
7773
1100
1166

2122
5527
4423
7703
1170
1166

2123
5507
4423
7723
1170
1166

2124
5570
4423
7723
1170
1166

2125
5573
4423
7720
1170
1166

2126
5573
4423
7720
1107
1166

2127
5573
4423
7727
1100
1166

2128
5573
4403
7727
1120
1166

2129
5503
4473
7727
1120
1166

2130
5503
4473
7720
1127
1166

2131
5500
4473
7723
1127
1166

2132
5570
4403
7723
1127
1166

2133
5507
4403
7723
1127
1166

2134
0557
4403
7723
1127
1166

2135
0557
0443
7723
1127
1166

2136
0557
7443
0723
1127
1166

2137
7557
0443
0723
1127
1166

2138
7557
0443
7023
1127
1166

2139
7557
7443
0023
1127
1166

2140
7557
7443
1123
1127
0066

2141
7557
7443
1123
1127
0660

2142
7557
7443
1123
1127
6600

2143
7557
7443
1103
1127
6620

2144
7557
7443
1103
1120
6627

2145
7557
7440
1103
1123
6627

2146
7557
7440
1123
1123
6607

2147
7557
7440
1123
1123
6670

2148
7557
7440
1120
1123
6673

2149
7550
7447
1120
1123
6673

2150
7550
7440
1127
1123
6673

2151
7550
7044
1127
1123
6673

2152
7550
0744
1127
1123
6673

2153
0550
7744
1127
1123
6673

2154
5500
7744
1127
1123
6673

2155
5544
7700
1127
1123
6673

2156
5544
7720
1127
1103
6673

2157
5544
7720
1127
1173
6603

2158
5544
7720
1127
1173
0663

2159
5544
7727
1120
1173
0663

2160
5544
7727
1123
1173
0660

2161
5544
7727
1123
1173
6600

2162
5544
7727
1123
1103
6670

2163
5544
7707
1123
1123
6670

2164
5544
7770
1123
1123
6670

2165
5544
7773
1123
1120
6670

2166
5544
7773
1123
1120
6607

2167
5544
7773
1123
1127
6600

2168
5544
7773
1103
1127
6620

2169
5544
7703
1173
1127
6620

2170
5544
7703
1173
1120
6627

2171
5544
7700
1173
1123
6627

2172
5544
7770
1103
1123
6627

2173
5544
7707
1103
1123
6627

2174
5544
7077
1103
1123
6627

2175
5544
0777
1103
1123
6627

2176
5544
0777
1123
1123
6607

2177
5544
0777
1123
1123
6670

2178
5544
0777
1120
1123
6673

2179
5544
0770
1127
1123
6673

2180
5544
0707
1127
1123
6673

2181
5544
0077
1127
1123
6673

2182
0044
5577
1127
1123
6673

2183
0440
5577
1127
1123
6673

2184
4400
5577
1127
1123
6673

2185
4470
5507
1127
1123
6673

2186
4470
5527
1127
1103
6673

2187
4470
5527
1127
1173
6603

2188
4470
5527
1127
1173
0663

2189
4477
5520
1127
1173
0663

2190
4477
5527
1120
1173
0663

2191
4477
5527
1120
1173
6603

2192
4477
5527
1120
1103
6673

2193
4477
5507
1120
1123
6673

2194
4407
5577
1120
1123
6673

2195
4470
5577
1120
1123
6673

2196
4470
5577
1123
1123
6670

2197
4477
5570
1123
1123
6670

2198
4477
5573
1123
1120
6670

2199
4477
5573
1123
1120
6607

2200
4477
5573
1123
1127
6600

2201
4477
5573
1103
1127
6620

2202
4477
5503
1173
1127
6620

2203
4477
5503
1173
1120
6627

2204
4477
5500
1173
1123
6627

2205
4470
5507
1173
1123
6627

2206
4470
5570
1173
1123
6627

2207
4470
5573
1173
1120
6627

2208
4473
5573
1170
1120
6627

2209
4473
5573
1107
1120
6627

2210
4473
5503
1177
1120
6627

2211
4403
5573
1177
1120
6627

2212
0443
5573
1177
1120
6627

2213
0443
5573
1170
1127
6627

2214
0440
5573
1173
1127
6627

2215
4400
5573
1173
1127
6627

2216
4470
5503
1173
1127
6627

2217
4470
5573
1103
1127
6627

2218
4470
5573
1123
1127
6607

2219
4470
5573
1123
1127
6670

2220
4470
5573
1123
1120
6677

2221
4470
5570
1123
1123
6677

2222
4470
5507
1123
1123
6677

2223
4400
5577
1123
1123
6677

2224
0440
5577
1123
1123
6677

2225
0447
5570
1123
1123
6677

2226
0447
5573
1123
1120
6677

2227
0447
5573
1123
1127
6670

2228
0447
5573
1123
1127
6607

2229
0447
5573
1123
1127
0667

2230
4407
5573
1123
1127
0667

2231
4477
5503
1123
1127
0667

2232
4477
5523
1123
1107
0667

2233
4477
5523
1123
1170
0667

2234
4477
5520
1123
1173
0667

2235
4470
5527
1123
1173
0667

2236
4407
5527
1123
1173
0667

2237
4427
5527
1103
1173
0667

2238
4427
5527
1173
1103
0667

2239
4427
5527
1173
1103
6607

2240
4427
5527
1173
1103
6670

2241
4427
5527
1103
1173
6670

2242
4407
5527
1123
1173
6670

2243
4470
5527
1123
1173
6670

2244
4477
5520
1123
1173
6670

2245
4477
5523
1123
1170
6670

2246
4477
5523
1123
1107
6670

2247
4477
5503
1123
1127
6670

2248
4477
0553
1123
1127
6670

2249
4477
0553
1123
1120
6677

2250
4477
0550
1123
1123
6677

2251
4477
0055
1123
1123
6677

2252
4477
1155
1123
0023
6677

2253
4477
1155
1123
6623
0077

2254
4477
1155
1123
6623
0707

2255
4477
1155
1123
6623
7007

2256
4477
1155
1123
6623
7070

2257
4477
1155
1123
6623
7700

2258
4477
1155
1103
6623
7720

2259
4477
1155
1100
6623
7723

2260
4477
1100
1155
6623
7723

2261
4407
1170
1155
6623
7723

2262
0447
1170
1155
6623
7723

2263
0440
1177
1155
6623
7723

2264
0044
1177
1155
6623
7723

2265
1144
1177
0055
6623
7723

2266
1144
1177
0550
6623
7723

2267
1144
1177
5500
6623
7723

2268
1144
1107
5570
6623
7723

2269
1144
1170
5570
6623
7723

2270
1144
1170
5573
6623
7720

2271
1144
1173
5573
6620
7720

2272
1144
1173
5573
6602
7702

2273
1144
1173
5503
6672
7702

2274
1144
1103
5573
6672
7702

2275
1144
1103
5573
6602
7772

2276
1144
1103
5573
0662
7772

2277
1144
1173
5503
0662
7772

2278
1144
1173
0553
0662
7772

2279
1144
1173
0553
7662
0772

2280
1144
1173
7553
0662
0772

2281
1144
1173
7553
6602
0772

2282
1144
1173
7553
6672
0702

2283
1144
1173
7553
6672
0072

2284
1144
1173
7553
0072
6672

2285
1144
1173
7553
0702
6672

2286
1144
1173
7553
0772
6602

2287
1144
1173
7553
0772
0662

2288
1144
1173
0553
7772
0662

2289
1144
1173
0553
0772
7662

2290
1144
1173
0553
7072
7662

2291
1144
1173
0553
7702
7662

2292
1144
1173
7553
0702
7662

2293
1144
1173
7553
7002
7662

2294
1144
1173
7003
7552
7662

2295
1144
1103
7073
7552
7662

2296
1144
1103
0773
7552
7662

2297
1144
1103
7773
0552
7662

2298
1144
1173
7703
0552
7662

2299
1144
1173
7073
0552
7662

2300
1144
1173
0773
0552
7662

2301
1144
1173
0773
7552
0662

2302
1144
1173
7773
0552
0662

2303
1144
1173
7773
5502
0662

2304
1144
1173
7703
5572
0662

2305
1144
1103
7773
5572
0662

2306
1144
1103
7773
5572
6602

2307
1144
1103
7773
5502
6672

2308
1144
1173
7703
5502
6672

2309
1144
1173
7073
5502
6672

2310
1144
1173
0773
5502
6672

2311
1144
1173
0703
5572
6672

2312
1144
1173
0073
5572
6672

2313
1144
1173
5573
0072
6672

2314
1144
1173
5573
6672
0072

2315
1144
1173
5573
6672
0702

2316
1144
1173
5573
6602
0772

2317
1144
1173
5573
0662
0772

2318
1144
1173
5573
0662
7072

2319
1144
1173
5573
7662
0072

2320
1144
1173
5573
7662
0702

2321
1144
1173
5573
7662
7002

2322
1144
1173
5573
7002
7662

2323
1144
1173
5573
0702
7662

2324
1144
1173
5573
0072
7662

2325
1144
1173
5573
7072
0662

2326
1144
1173
5573
7072
6602

2327
1144
1173
5573
7702
6602

2328
1144
1173
5573
7720
6620

2329
1144
1170
5573
7723
6620

2330
1144
1107
5573
7723
6620

2331
1144
1177
5503
7723
6620

2332
1144
1177
5523
7723
6600

2333
1144
1177
5523
7723
0660

2334
1144
1177
5523
0723
7660

2335
1144
1177
5523
7023
7660

2336
1144
1177
5520
7023
7663

2337
1144
1170
5527
7023
7663

2338
1144
1170
5527
0723
7663

2339
1144
1170
5527
7723
0663

2340
1144
1170
5527
7723
6603

2341
1144
1170
5507
7723
6623

2342
1144
1170
0557
7723
6623

2343
1144
1170
7557
0723
6623

2344
1144
1170
7557
7023
6623

2345
1144
1177
7550
7023
6623

2346
1144
1177
7055
7023
6623

2347
1144
1177
7055
0723
6623

2348
1144
1177
0055
7723
6623

2349
0044
1177
1155
7723
6623

2350
0440
1177
1155
7723
6623

2351
4400
1177
1155
7723
6623

2352
4470
1107
1155
7723
6623

2353
4477
1100
1155
7723
6623

2354
4477
1155
1100
7723
6623

2355
4477
1155
1120
7723
6603

2356
4477
1155
1120
7723
0663

2357
4477
1155
1120
0723
7663

2358
4477
1155
1120
7023
7663

2359
4477
1155
1123
7023
7660

2360
4477
1155
1123
7023
7066

2361
4477
1155
1123
0723
7066

2362
4477
1155
1123
0023
7766

2363
4477
0055
1123
1123
7766

2364
0077
4455
1123
1123
7766

2365
0707
4455
1123
1123
7766

2366
7007
4455
1123
1123
7766

2367
7070
4455
1123
1123
7766

2368
7700
4455
1123
1123
7766

2369
7755
4400
1123
1123
7766

2370
7755
4420
1123
1103
7766

2371
7755
4423
1123
1100
7766

2372
7755
4423
1123
1166
7700

2373
7755
4423
1123
1166
7070

2374
7755
4423
1123
1166
0770

2375
7755
4423
1123
1166
0707

2376
7755
4423
1123
1166
0077

2377
7755
4423
0023
1166
1177

2378
7755
0023
4423
1166
1177

2379
0755
7023
4423
1166
1177

2380
7055
7023
4423
1166
1177

2381
7550
7023
4423
1166
1177

2382
7553
7023
4420
1166
1177

2383
7553
0723
4420
1166
1177

2384
0553
7723
4420
1166
1177

2385
0550
7723
4423
1166
1177

2386
5500
7723
4423
1166
1177

2387
5520
7723
4403
1166
1177

2388
5523
7723
4400
1166
1177

2389
5523
7723
4466
1100
1177

2390
5523
7723
4466
1107
1170

2391
5523
7723
4466
1107
1107

2392
5523
7723
4466
0117
0117

