Initial state:
2113
2113
4665
4775
7007

Cost of the solution: 116

Number of states expanded: 450769

Solution:

0
2113
2113
4665
4775
7007

1
2113
2113
4665
4775
0707

2
2113
2113
4665
4775
0770

3
2113
2113
4660
4775
0775

4
2113
2113
4066
4775
0775

5
2113
2113
4766
4075
0775

6
2113
2113
0766
4075
4775

7
2113
2113
7066
4075
4775

8
2113
2113
7660
4075
4775

9
2113
2113
7665
4075
4770

10
2113
2113
7665
4075
4707

11
2113
2113
7665
4075
4077

12
2113
2113
7665
0475
0477

13
2113
2113
0665
7475
0477

14
2113
2113
6605
7475
0477

15
2113
2113
6675
7405
0477

16
2113
2113
6675
7475
0407

17
2113
2113
6675
7475
0470

18
2113
2113
6675
0475
7470

19
2113
2113
6670
0475
7475

20
2113
2113
6607
0475
7475

21
2113
2113
0667
0475
7475

22
0113
2113
2667
0475
7475

23
0113
0113
2667
2475
7475

24
1103
1103
2667
2475
7475

25
1130
1130
2667
2475
7475

26
1130
1137
2660
2475
7475

27
1137
1130
2660
2475
7475

28
1137
1130
2665
2475
7470

29
1137
1130
2665
2475
7407

30
1137
1135
2665
2470
7407

31
1137
1135
2665
2407
7407

32
1137
1135
2665
2047
7047

33
1137
1135
2665
2047
0747

34
1137
1135
0665
2047
2747

35
1137
1135
0665
2747
2047

36
1137
1135
6605
2747
2047

37
1137
1135
6645
2747
2007

38
1137
1135
6645
2747
2070

39
1137
1135
6645
2747
2700

40
1137
1135
6605
2747
2740

41
1107
1135
6635
2747
2740

42
1170
1135
6635
2747
2740

43
1175
1135
6630
2747
2740

44
1175
1135
6637
2740
2740

45
1175
1135
6637
2704
2704

46
1175
1105
6637
2734
2704

47
1175
1105
6607
2734
2734

48
1175
1105
6670
2734
2734

49
1175
1175
6600
2734
2734

50
1175
1175
0660
2734
2734

51
1175
1175
0066
2734
2734

52
1175
1175
2066
2734
0734

53
1175
1175
2066
2734
7034

54
1175
1175
2066
2034
7734

55
1175
1175
0266
0234
7734

56
1175
1175
0266
7234
0734

57
1175
1175
0266
7234
7034

58
1175
1175
0066
7234
7234

59
1175
1175
0660
7234
7234

60
1170
1175
0665
7234
7234

61
1170
1175
6605
7234
7234

62
1107
1175
6605
7234
7234

63
1177
1105
6605
7234
7234

64
1177
1105
6635
7234
7204

65
1177
1135
6635
7204
7204

66
1177
1135
6635
7024
7024

67
1177
1135
6635
0724
7024

68
1177
1135
6635
0024
7724

69
1177
1135
0035
6624
7724

70
0077
1135
1135
6624
7724

71
0707
1135
1135
6624
7724

72
0770
1135
1135
6624
7724

73
0775
1135
1130
6624
7724

74
7075
1135
1130
6624
7724

75
7705
1135
1130
6624
7724

76
7735
1135
1100
6624
7724

77
7735
1135
1120
6624
7704

78
7735
1135
1120
6624
7074

79
7735
1135
1120
6624
0774

80
7735
1135
1124
6624
0770

81
7735
1135
1124
6624
0707

82
7735
1135
1124
6624
0077

83
7735
1135
1124
0024
6677

84
7735
0035
1124
1124
6677

85
7035
0735
1124
1124
6677

86
7035
7035
1124
1124
6677

87
7305
7305
1124
1124
6677

88
7305
7325
1124
1104
6677

89
7325
7325
1104
1104
6677

90
7325
7325
0114
0114
6677

91
7325
0325
7114
0114
6677

92
7325
0325
0114
7114
6677

93
0325
7325
0114
7114
6677

94
0325
0325
7114
7114
6677

95
3025
3025
7114
7114
6677

96
3205
3205
7114
7114
6677

97
3250
3250
7114
7114
6677

98
3250
3254
7114
7110
6677

99
3254
3254
7110
7110
6677

100
3254
3254
7011
7011
6677

101
3254
3254
7011
0711
6677

102
3254
3254
7711
0011
6677

103
3254
3254
7711
6611
0077

104
3254
3254
7711
6611
0707

105
3254
3254
7711
6611
0770

106
3254
3254
7711
6611
7070

107
3254
3254
7711
6611
7700

108
3254
3254
7700
6611
7711

109
3254
3254
7070
6611
7711

110
3254
3254
0770
6611
7711

111
3254
3254
0707
6611
7711

112
3254
3254
0077
6611
7711

113
3254
3254
6677
0011
7711

114
3254
3254
6677
0711
7011

115
3254
3254
6677
7011
7011

116
3254
3254
6677
7110
7110

