Initial state:
1123
1123
4455
7667
7007

Cost of the solution: 92

Number of states expanded: 91254

Solution:

0
1123
1123
4455
7667
7007

1
1123
1123
4455
7007
7667

2
1123
1123
4455
0707
7667

3
1123
1123
4455
0077
7667

4
1123
1123
0055
4477
7667

5
1123
1123
0550
4477
7667

6
1123
1123
0557
4470
7667

7
1123
1123
0557
4407
7667

8
1123
1123
0557
0447
7667

9
1123
1123
0557
7447
0667

10
1123
1123
7557
0447
0667

11
1123
1123
7557
4407
0667

12
1123
1123
7557
4470
0667

13
1123
1123
7557
4477
0660

14
1123
1123
7557
4477
0066

15
1123
1123
7557
0077
4466

16
1123
1123
7557
0707
4466

17
1123
1123
7557
7007
4466

18
1123
1123
7007
7557
4466

19
1123
1123
0707
7557
4466

20
1123
1123
7707
0557
4466

21
1103
1123
7727
0557
4466

22
1103
1123
7727
5507
4466

23
1103
1103
7727
5527
4466

24
1130
1130
7727
5527
4466

25
1130
1137
7720
5527
4466

26
1137
1130
7720
5527
4466

27
1137
1130
7727
5520
4466

28
1137
1137
7720
5520
4466

29
1137
1137
7702
5502
4466

30
1107
1137
7732
5502
4466

31
1107
1107
7732
5532
4466

32
0117
0117
7732
5532
4466

33
0117
7117
0732
5532
4466

34
7117
0117
0732
5532
4466

35
7117
0117
7032
5532
4466

36
7117
7117
0032
5532
4466

37
7117
7117
5532
0032
4466

38
7117
7117
5532
4432
0066

39
7117
7117
5532
4432
0660

40
7117
7117
5532
4432
6600

41
7117
7117
5502
4432
6630

42
7117
7117
0552
4432
6630

43
7117
0117
7552
4432
6630

44
7117
0117
7550
4432
6632

45
7117
0117
7055
4432
6632

46
7117
0117
0755
4432
6632

47
0117
7117
0755
4432
6632

48
0117
0117
7755
4432
6632

49
1107
1107
7755
4432
6632

50
1107
1170
7755
4432
6632

51
1177
1100
7755
4432
6632

52
1177
1155
7700
4432
6632

53
1177
1155
7702
4432
6630

54
1177
1155
7732
4432
6600

55
1177
1155
7732
4432
0660

56
1177
1155
7732
4432
0066

57
1177
1155
7732
0032
4466

58
1177
1155
0732
7032
4466

59
1177
1155
0032
7732
4466

60
0077
1155
1132
7732
4466

61
0707
1155
1132
7732
4466

62
7007
1155
1132
7732
4466

63
7070
1155
1132
7732
4466

64
7700
1155
1132
7732
4466

65
7755
1100
1132
7732
4466

66
7755
1102
1132
7730
4466

67
7755
1132
1132
7700
4466

68
7755
1132
1132
7766
4400

69
7755
1132
1132
7766
0440

70
7755
1132
1132
0766
7440

71
7755
1132
1132
0766
7044

72
7755
1132
1132
0066
7744

73
7755
0032
1132
1166
7744

74
7055
0732
1132
1166
7744

75
0055
7732
1132
1166
7744

76
0550
7732
1132
1166
7744

77
0552
7732
1130
1166
7744

78
5502
7732
1130
1166
7744

79
5532
7732
1100
1166
7744

80
5532
7732
1166
1100
7744

81
5532
7732
1166
1144
7700

82
5532
7732
1166
1144
7070

83
5532
7732
1166
1144
0770

84
5532
7732
1166
1144
0707

85
5532
7732
1166
1144
0077

86
5532
7732
0066
1144
1177

87
5532
7732
0660
1144
1177

88
5532
7732
6600
1144
1177

89
5532
7732
6644
1100
1177

90
5532
7732
6644
1107
1170

91
5532
7732
6644
1107
1107

92
5532
7732
6644
0117
0117

